Order_id,Spot_id,Shop_id,Pickup_time,Delivery_time,Num
E0005,B3341,S001,16:39,18:09,1
E0008,B4012,S001,16:49,18:19,1
E0011,B4765,S001,15:28,16:58,3
E0014,B6315,S001,11:36,13:06,1
E0017,B6315,S001,17:48,19:18,1
E0023,B0434,S002,18:28,19:58,5
E0026,B1412,S003,12:29,13:59,1
E0029,B3341,S003,14:15,15:45,1
E0032,B3569,S003,11:49,13:19,2
E0035,B3569,S003,12:59,14:29,4
E0038,B3569,S003,17:41,19:11,1
E0041,B3960,S003,14:24,15:54,6
E0044,B3960,S003,17:28,18:58,5
E0047,B0434,S003,12:34,14:04,3
E0050,B0064,S003,16:21,17:51,1
E0053,B7768,S003,17:28,18:58,1
E0056,B7861,S003,14:33,16:03,1
E0059,B1292,S004,13:09,14:39,1
E0062,B1425,S004,18:01,19:31,1
E0065,B3481,S004,12:12,13:42,1
E0068,B0434,S004,11:37,13:07,1
E0071,B6629,S004,12:29,13:59,2
E0074,B7861,S004,11:56,13:26,2
E0077,B3569,S005,16:39,18:09,1
E0080,B3960,S007,15:30,17:00,11
E0083,B4765,S008,17:56,19:26,1
E0089,B3341,S010,17:43,19:13,7
E0092,B6315,S010,17:57,19:27,8
E0095,B3155,S011,18:13,19:43,3
E0098,B3341,S011,12:49,14:19,2
E0101,B3569,S011,18:21,19:51,1
E0104,B0434,S011,13:54,15:24,1
E0107,B5710,S011,12:01,13:31,1
E0110,B0064,S011,17:42,19:12,2
E0113,B6449,S011,12:58,14:28,1
E0116,B7375,S011,17:07,18:37,1
E0119,B1548,S012,17:17,18:47,2
E0122,B3058,S012,13:24,14:54,1
E0125,B3062,S012,17:58,19:28,1
E0128,B3341,S012,15:33,17:03,1
E0131,B3341,S012,18:27,19:57,3
E0134,B0434,S012,18:24,19:54,1
E0137,B5948,S012,17:56,19:26,1
E0140,B6350,S012,12:19,13:49,1
E0146,B5143,S013,18:24,19:54,3
E0149,B1036,S014,14:54,16:24,1
E0152,B1548,S014,13:43,15:13,1
E0155,B2477,S014,11:42,13:12,1
E0158,B3058,S014,17:22,18:52,1
E0161,B3341,S014,16:53,18:23,1
E0164,B0434,S014,12:15,13:45,2
E0167,B0434,S014,18:10,19:40,1
E0170,B5710,S014,12:13,13:43,3
E0173,B5710,S014,17:13,18:43,1
E0176,B6315,S014,17:59,19:29,1
E0179,B7861,S014,18:05,19:35,1
E0182,B3341,S015,12:24,13:54,1
E0185,B3341,S015,17:24,18:54,1
E0188,B0064,S015,12:53,14:23,1
E0191,B1036,S016,13:00,14:30,2
E0194,B1412,S016,12:43,14:13,1
E0200,B1548,S016,14:44,16:14,4
E0209,B3009,S016,16:29,17:59,1
E0212,B3058,S016,17:02,18:32,2
E0215,B3062,S016,14:26,15:56,2
E0218,B3062,S016,18:23,19:53,1
E0221,B3341,S016,12:08,13:38,4
E0224,B3341,S016,12:44,14:14,6
E0227,B3341,S016,13:35,15:05,1
E0230,B3341,S016,16:13,17:43,14
E0233,B3341,S016,17:09,18:39,2
E0236,B3341,S016,17:57,19:27,2
E0239,B3481,S016,16:41,18:11,1
E0242,B3960,S016,11:52,13:22,1
E0245,B0434,S016,11:41,13:11,1
E0248,B0434,S016,12:29,13:59,2
E0251,B0434,S016,13:29,14:59,1
E0254,B0434,S016,15:07,16:37,13
E0257,B0434,S016,15:38,17:08,1
E0260,B0434,S016,17:27,18:57,3
E0263,B0434,S016,18:02,19:32,1
E0266,B4765,S016,17:05,18:35,5
E0269,B5143,S016,12:09,13:39,1
E0272,B5143,S016,14:12,15:42,1
E0275,B5143,S016,16:21,17:51,1
E0278,B5710,S016,12:12,13:42,2
E0281,B5710,S016,12:59,14:29,2
E0284,B5710,S016,15:13,16:43,1
E0287,B5710,S016,17:07,18:37,1
E0290,B5710,S016,18:10,19:40,3
E0293,B0064,S016,11:38,13:08,1
E0296,B0064,S016,12:25,13:55,3
E0299,B0064,S016,13:10,14:40,2
E0302,B6315,S016,11:32,13:02,1
E0305,B6315,S016,13:03,14:33,5
E0308,B6315,S016,15:48,17:18,6
E0311,B6350,S016,12:08,13:38,1
E0314,B6350,S016,16:59,18:29,1
E0317,B6449,S016,12:42,14:12,2
E0323,B7768,S016,12:35,14:05,1
E0326,B8851,S016,11:31,13:01,1
E0329,B8905,S016,18:01,19:31,1
E0332,B0305,S017,11:50,13:20,1
E0335,B3341,S017,12:41,14:11,1
E0338,B3341,S017,17:03,18:33,1
E0341,B3481,S017,12:12,13:42,2
E0344,B0434,S017,12:28,13:58,2
E0347,B5710,S017,12:56,14:26,1
E0350,B6315,S017,17:55,19:25,1
E0356,B3058,S018,15:52,17:22,1
E0359,B3341,S018,11:56,13:26,1
E0362,B3341,S018,17:23,18:53,1
E0368,B0434,S018,13:17,14:47,1
E0371,B4765,S018,17:40,19:10,1
E0374,B5710,S018,13:11,14:41,1
E0377,B5710,S018,18:23,19:53,1
E0380,B0064,S018,17:57,19:27,1
E0386,B0434,S019,15:14,16:44,3
E0389,B3341,S020,15:34,17:04,3
E0392,B6315,S020,17:31,19:01,3
E0395,B1036,S021,12:05,13:35,2
E0398,B1036,S021,18:03,19:33,3
E0401,B0148,S021,11:48,13:18,1
E0404,B1548,S021,16:54,18:24,2
E0410,B2860,S021,11:48,13:18,1
E0413,B2860,S021,17:49,19:19,3
E0416,B2875,S021,17:59,19:29,3
E0419,B3058,S021,12:07,13:37,1
E0425,B3062,S021,16:28,17:58,1
E0428,B3341,S021,11:42,13:12,2
E0431,B3341,S021,12:45,14:15,5
E0434,B3341,S021,14:33,16:03,2
E0437,B3341,S021,16:03,17:33,1
E0440,B3341,S021,16:56,18:26,1
E0446,B3569,S021,13:48,15:18,1
E0449,B3960,S021,11:35,13:05,3
E0452,B3960,S021,14:11,15:41,1
E0455,B0434,S021,11:56,13:26,1
E0458,B0434,S021,13:16,14:46,1
E0464,B0434,S021,18:05,19:35,1
E0473,B5710,S021,16:28,17:58,1
E0485,B6315,S021,16:15,17:45,1
E0500,B6540,S021,12:16,13:46,1
E0503,B7229,S021,12:12,13:42,1
E0506,B7375,S021,13:27,14:57,1
E0509,B7768,S021,12:11,13:41,1
E0512,B7768,S021,17:30,19:00,2
E0515,B8851,S021,15:46,17:16,1
E0521,B3341,S022,11:38,13:08,1
E0527,B0064,S022,13:43,15:13,6
E0536,B6540,S023,12:30,14:00,1
E0542,B5710,S024,15:05,16:35,1
E0551,B3341,S025,11:55,13:25,1
E0557,B3481,S025,18:14,19:44,1
E0566,B7861,S025,11:38,13:08,1
E0572,B2875,S026,12:55,14:25,1
E0581,B3341,S026,15:39,17:09,1
E0587,B3960,S026,11:57,13:27,1
E0602,B6315,S026,11:38,13:08,1
E0608,B6540,S026,12:10,13:40,1
E0614,B7861,S026,11:39,13:09,1
E0617,B2461,S027,15:42,17:12,2
E0629,B3341,S028,16:54,18:24,1
E0632,B5710,S028,11:37,13:07,2
E0635,B6278,S028,12:22,13:52,2
E0638,B6540,S028,12:55,14:25,6
E0647,B3058,S030,13:10,14:40,3
E0662,B5710,S030,16:45,18:15,1
E0677,B8851,S030,16:31,18:01,1
E0689,B3960,S033,11:43,13:13,2
E0707,B1412,S036,11:42,13:12,2
E0725,B6315,S037,11:31,13:01,2
E0731,B6315,S037,15:21,16:51,1
E0746,B6315,S038,11:40,13:10,1
E0758,B3058,S039,12:22,13:52,1
E0770,B3341,S039,14:56,16:26,1
E0776,B0434,S039,18:00,19:30,1
E0791,B8851,S039,15:30,17:00,1
E0794,B3062,S040,16:11,17:41,1
E0797,B6278,S040,15:48,17:18,1
E0815,B0148,S043,17:40,19:10,2
E0821,B2860,S043,11:42,13:12,1
E0824,B3062,S043,11:34,13:04,2
E0860,B0064,S043,15:29,16:59,2
E0863,B6315,S043,15:05,16:35,1
E0875,B7861,S043,14:00,15:30,2
E0884,B1760,S045,15:55,17:25,2
E0887,B2860,S045,11:48,13:18,3
E0890,B3009,S045,11:58,13:28,1
E0902,B3960,S045,13:09,14:39,1
E0920,B6350,S045,14:17,15:47,1
E0923,B6540,S045,16:17,17:47,2
E0947,B0434,S047,14:15,15:45,1
E0956,B2860,S048,12:17,13:47,1
E0962,B6315,S048,14:06,15:36,2
E0983,B2860,S050,15:31,17:01,1
E0989,B4765,S050,15:17,16:47,5
E0995,B6315,S050,16:17,17:47,1
E1013,B6315,S052,13:52,15:22,1
E1034,B5143,S054,15:57,17:27,2
E1049,B6540,S054,16:17,17:47,11
E1055,B7768,S054,12:45,14:15,3
E1073,B3058,S056,13:29,14:59,1
E1091,B1548,S059,16:42,18:12,1
E1094,B0291,S059,17:36,19:06,1
E1115,B2875,S061,18:15,19:45,1
E1118,B3341,S061,11:30,13:00,1
E1130,B0305,S062,18:29,19:59,2
E1151,B2461,S064,13:12,14:42,1
E1154,B2860,S064,16:20,17:50,1
E1157,B2860,S064,18:11,19:41,1
E1160,B2875,S064,17:15,18:45,1
E1163,B2875,S064,17:35,19:05,2
E1199,B6540,S064,13:35,15:05,2
E1208,B2860,S065,15:58,17:28,2
E1232,B0595,S066,17:31,19:01,1
E1238,B2860,S068,18:29,19:59,2
E1265,B2299,S069,17:11,18:41,1
E1301,B2875,S073,17:13,18:43,2
E1307,B4012,S073,11:30,13:00,1
E1349,B4995,S074,14:09,15:39,16
E1352,B4365,S075,12:58,14:28,1
E1355,B5920,S077,16:07,17:37,6
E1358,B6492,S078,17:59,19:29,8
E1364,B2247,S082,12:51,14:21,2
E1367,B0376,S083,12:17,13:47,1
E1370,B5228,S084,17:46,19:16,3
E1373,B1033,S085,13:24,14:54,2
E1376,B6540,S085,12:31,14:01,4
E1379,B0273,S086,13:45,15:15,3
E1382,B0049,S086,17:42,19:12,3
E1385,B8595,S086,16:58,18:28,2
E1388,B5223,S088,13:22,14:52,1
E1391,B0447,S090,11:53,13:23,2
E1394,B4735,S091,16:41,18:11,6
E1397,B2198,S092,17:57,19:27,4
E1400,B0670,S093,13:47,15:17,1
E1403,B4127,S095,12:06,13:36,3
E1406,B6540,S097,12:54,14:24,3
E1409,B5791,S098,17:43,19:13,4
E1412,B2408,S099,12:11,13:41,4
E1415,B2408,S099,12:50,14:20,3
E1421,B6369,S099,12:30,14:00,1
E1424,B6369,S099,14:04,15:34,1
E1427,B4127,S100,11:55,13:25,2
E1433,B3438,S101,13:12,14:42,2
E1436,B3438,S101,14:08,15:38,1
E1439,B6540,S101,12:52,14:22,4
E1442,B6540,S101,15:35,17:05,1
E1445,B3133,S102,16:53,18:23,1
E1448,B2410,S103,17:09,18:39,4
E1451,B8930,S103,16:02,17:32,2
E1454,B2408,S105,11:54,13:24,15
E1457,B4277,S105,12:49,14:19,9
E1460,B1066,S106,17:57,19:27,2
E1463,B0246,S106,16:29,17:59,2
E1466,B8714,S106,12:16,13:46,1
E1469,B3584,S107,16:54,18:24,2
E1475,B5104,S108,12:22,13:52,2
E1478,B0539,S108,17:39,19:09,2
E1484,B2460,S110,15:09,16:39,3
E1490,B3807,S111,14:20,15:50,2
E1493,B8400,S111,14:30,16:00,3
E1496,B8714,S111,14:38,16:08,3
E1499,B6346,S112,13:05,14:35,3
E1502,B5282,S114,14:13,15:43,3
E1505,B5534,S116,12:27,13:57,1
E1514,B4580,S121,12:05,13:35,2
E1517,B9160,S122,12:44,14:14,2
E1520,B2100,S124,16:39,18:09,1
E1523,B9207,S124,11:44,13:14,1
E1526,B3647,S125,13:37,15:07,2
E1529,B2010,S128,18:10,19:40,2
E1532,B1066,S129,11:57,13:27,1
E1535,B1284,S129,11:57,13:27,1
E1538,B5414,S129,12:25,13:55,1
E1541,B2100,S130,16:15,17:45,2
E1544,B0246,S131,12:15,13:45,1
E1547,B5534,S131,13:28,14:58,1
E1550,B8714,S131,11:39,13:09,1
E1553,B2100,S132,12:17,13:47,1
E1559,B8714,S133,12:08,13:38,1
E1562,B3807,S134,12:09,13:39,3
E1565,B1284,S135,12:39,14:09,2
E1568,B2100,S135,18:07,19:37,3
E1571,B7250,S135,17:35,19:05,4
E1574,B8714,S135,12:37,14:07,3
E1577,B6444,S136,17:00,18:30,4
E1580,B4873,S137,13:25,14:55,1
E1583,B2277,S139,17:13,18:43,2
E1586,B0813,S140,12:36,14:06,3
E1589,B0246,S141,18:17,19:47,1
E1592,B8714,S141,17:59,19:29,1
E1595,B3198,S142,14:22,15:52,1
E1598,B3198,S142,17:09,18:39,1
E1604,B2277,S143,18:27,19:57,7
E1607,B5905,S143,14:56,16:26,2
E1610,B8844,S143,17:37,19:07,2
E1613,B5385,S145,14:42,16:12,1
E1616,B5905,S146,12:11,13:41,1
E1619,B5026,S148,14:23,15:53,1
E1622,B3836,S150,17:54,19:24,6
E1625,B1600,S152,11:45,13:15,8
E1628,B0291,S152,17:51,19:21,13
E1631,B0369,S152,15:34,17:04,14
E1634,B7235,S152,13:50,15:20,12
E1640,B3478,S153,12:04,13:34,6
E1643,B0827,S153,13:05,14:35,1
E1646,B5438,S154,15:07,16:37,2
E1649,B5220,S155,12:38,14:08,2
E1652,B7522,S156,11:33,13:03,1
E1655,B4046,S157,12:24,13:54,1
E1661,B5645,S158,12:39,14:09,3
E1664,B8974,S160,17:49,19:19,1
E1667,B7015,S162,13:19,14:49,2
E1670,B4716,S164,16:59,18:29,2
E1673,B8744,S164,15:20,16:50,4
E1676,B1275,S165,16:58,18:28,14
E1682,B1602,S165,18:24,19:54,11
E1685,B2546,S165,18:24,19:54,7
E1688,B3243,S165,16:47,18:17,2
E1691,B0348,S165,17:34,19:04,3
E1694,B4046,S165,11:34,13:04,16
E1697,B4544,S165,12:15,13:45,8
E1700,B5171,S165,14:48,16:18,2
E1703,B7768,S165,17:36,19:06,2
E1706,B7826,S165,15:26,16:56,1
E1709,B6710,S166,13:21,14:51,1
E1712,B1402,S168,13:41,15:11,2
E1715,B5488,S168,12:45,14:15,2
E1718,B3104,S170,12:34,14:04,10
E1724,B4808,S172,13:25,14:55,1
E1727,B4133,S173,14:05,15:35,1
E1733,B2339,S174,12:33,14:03,9
E1736,B3925,S174,11:30,13:00,14
E1739,B4795,S174,17:54,19:24,18
E1742,B6051,S174,12:30,14:00,17
E1745,B7890,S174,11:33,13:03,14
E1748,B8649,S174,16:27,17:57,18
E1751,B8998,S175,13:32,15:02,1
E1754,B3960,S178,17:57,19:27,1
E1757,B3243,S180,16:45,18:15,3
E1763,B2754,S181,11:30,13:00,14
E1766,B3970,S181,17:56,19:26,12
E1769,B9097,S181,16:24,17:54,13
E1772,B4838,S183,13:08,14:38,2
E1775,B2754,S184,15:56,17:26,2
E1778,B8025,S184,11:51,13:21,1
E1781,B1251,S187,12:29,13:59,2
E1784,B2509,S188,15:59,17:29,3
E1787,B3637,S190,12:00,13:30,1
E1796,B8835,S194,14:06,15:36,1
E1799,B4112,S195,13:58,15:28,1
E1805,B0169,S198,11:57,13:27,2
E1808,B4139,S198,14:17,15:47,2
E1811,B6540,S198,17:45,19:15,1
E1814,B6833,S198,17:44,19:14,3
E1817,B8215,S198,18:02,19:32,3
E1820,B2860,S199,12:19,13:49,2
E1826,B2546,S201,11:52,13:22,2
E1829,B0291,S201,11:58,13:28,3
E1832,B0291,S201,18:13,19:43,4
E1835,B4155,S201,12:38,14:08,2
E1838,B4549,S201,11:56,13:26,1
E1841,B4952,S201,12:25,13:55,3
E1844,B4952,S201,13:08,14:38,5
E1847,B4952,S201,13:48,15:18,2
E1850,B4952,S201,14:47,16:17,3
E1853,B5365,S201,12:48,14:18,4
E1856,B5951,S201,11:49,13:19,2
E1859,B7611,S201,17:55,19:25,2
E1862,B0767,S201,12:38,14:08,2
E1865,B7836,S201,13:36,15:06,5
E1868,B7836,S202,13:17,14:47,14
E1871,B0552,S203,13:58,15:28,2
E1874,B7948,S203,16:39,18:09,2
E1877,B8653,S203,14:18,15:48,2
E1880,B0397,S205,11:55,13:25,3
E1883,B1512,S206,17:50,19:20,1
E1886,B5686,S207,12:49,14:19,2
E1892,B2654,S208,18:28,19:58,18
E1895,B0397,S208,12:00,13:30,22
E1898,B6772,S208,13:23,14:53,13
E1901,B0745,S208,11:44,13:14,16
E1904,B0745,S208,18:25,19:55,4
E1907,B8215,S208,12:34,14:04,11
E1910,B0225,S210,13:45,15:15,1
E1913,B5736,S210,16:19,17:49,1
E1925,B0359,S211,12:59,14:29,2
E1928,B3888,S211,14:44,16:14,1
E1931,B3888,S211,17:22,18:52,1
E1934,B6540,S211,12:03,13:33,1
E1937,B6976,S211,12:26,13:56,2
E1943,B3808,S212,15:57,17:27,1
E1946,B6620,S212,18:11,19:41,1
E1952,B3270,S213,14:05,15:35,1
E1955,B5826,S213,18:08,19:38,2
E1958,B7572,S213,18:13,19:43,1
E1961,B3290,S214,17:58,19:28,1
E1964,B0767,S214,12:50,14:20,1
E1967,B7948,S215,14:04,15:34,4
E1970,B0850,S216,17:35,19:05,1
E1973,B1251,S218,17:50,19:20,4
E1979,B1972,S218,11:53,13:23,1
E1982,B4289,S218,11:57,13:27,2
E1988,B0397,S219,14:05,15:35,2
E1991,B2148,S221,17:13,18:43,2
E1994,B3796,S221,17:50,19:20,2
E2000,B7803,S221,14:28,15:58,2
E2009,B2487,S224,12:08,13:38,1
E2015,B0359,S224,12:46,14:16,1
E2018,B4364,S224,12:47,14:17,1
E2024,B9097,S224,17:44,19:14,1
E2027,B2232,S226,15:26,16:56,10
E2030,B4036,S226,17:51,19:21,2
E2033,B0862,S226,14:42,16:12,3
E2036,B2672,S227,15:58,17:28,5
E2039,B8990,S227,15:23,16:53,3
E2042,B4541,S230,12:48,14:18,2
E2045,B7121,S231,15:33,17:03,2
E2048,B5958,S232,17:25,18:55,3
E2051,B1972,S234,13:53,15:23,3
E2054,B5365,S235,12:27,13:57,2
E2057,B1408,S236,13:24,14:54,1
E2060,B4736,S236,12:12,13:42,1
E2063,B1248,S237,17:31,19:01,1
E2069,B5746,S237,11:58,13:28,9
E2075,B2232,S239,12:34,14:04,21
E2078,B0552,S239,12:03,13:33,12
E2081,B7948,S239,18:04,19:34,10
E2084,B1965,S240,17:23,18:53,1
E2087,B3808,S241,15:05,16:35,1
E2090,B8907,S241,14:48,16:18,3
E2093,B0690,S243,17:29,18:59,1
E2096,B8907,S243,17:30,19:00,2
E2099,B1115,S245,12:18,13:48,2
E2102,B5222,S245,17:22,18:52,2
E2105,B6996,S246,12:22,13:52,2
E2108,B4139,S247,11:48,13:18,3
E2111,B6482,S247,12:38,14:08,2
E2114,B1283,S248,11:32,13:02,3
E2120,B5488,S248,17:01,18:31,2
E2123,B7227,S248,12:24,13:54,2
E2126,B9038,S248,11:38,13:08,2
E2129,B0149,S251,12:58,14:28,2
E2132,B6540,S252,17:05,18:35,2
E2135,B1221,S253,17:00,18:30,1
E2138,B4008,S253,11:47,13:17,1
E2141,B1972,S254,16:32,18:02,3
E2144,B4218,S257,11:33,13:03,5
E2150,B2232,S259,17:17,18:47,1
E2153,B4036,S259,17:13,18:43,2
E2156,B4036,S259,18:04,19:34,1
E2159,B0454,S259,17:04,18:34,1
E2162,B6278,S259,11:31,13:01,1
E2165,B7948,S259,12:14,13:44,1
E2168,B7948,S259,13:58,15:28,3
E2171,B9115,S259,12:44,14:14,1
E2177,B2232,S260,12:23,13:53,1
E2180,B3186,S260,13:18,14:48,1
E2183,B3960,S260,12:10,13:40,2
E2186,B4036,S260,11:49,13:19,3
E2189,B4036,S260,14:03,15:33,1
E2192,B4036,S260,17:45,19:15,3
E2195,B0454,S260,11:50,13:20,1
E2198,B0552,S260,11:35,13:05,1
E2201,B0552,S260,13:38,15:08,2
E2204,B7948,S260,11:59,13:29,4
E2207,B7948,S260,12:41,14:11,2
E2210,B7948,S260,13:51,15:21,2
E2213,B7948,S260,16:13,17:43,2
E2216,B7948,S260,17:40,19:10,3
E2219,B7948,S260,18:21,19:51,1
E2225,B2232,S262,18:17,19:47,1
E2228,B3186,S262,17:53,19:23,3
E2231,B3558,S262,12:30,14:00,1
E2234,B4036,S262,12:34,14:04,1
E2237,B0454,S262,12:14,13:44,2
E2240,B4624,S262,11:50,13:20,1
E2243,B6096,S262,17:59,19:29,1
E2246,B7768,S262,17:34,19:04,1
E2249,B7948,S262,12:13,13:43,3
E2252,B7948,S262,13:25,14:55,2
E2255,B7948,S262,15:33,17:03,7
E2258,B7948,S262,17:25,18:55,2
E2261,B7948,S262,18:14,19:44,7
E2264,B7948,S263,15:58,17:28,2
E2267,B7948,S264,17:19,18:49,3
E2270,B3960,S265,13:19,14:49,4
E2279,B4036,S266,11:52,13:22,2
E2282,B4036,S266,13:42,15:12,2
E2285,B4036,S266,17:40,19:10,4
E2288,B0454,S266,12:23,13:53,2
E2291,B0454,S266,17:38,19:08,4
E2294,B0552,S266,12:04,13:34,2
E2297,B0552,S266,14:32,16:02,1
E2300,B6910,S266,14:20,15:50,1
E2303,B7948,S266,12:15,13:45,2
E2306,B7948,S266,12:53,14:23,1
E2309,B7948,S266,13:30,15:00,1
E2312,B7948,S266,14:41,16:11,3
E2315,B1074,S267,14:08,15:38,2
E2318,B8771,S267,11:52,13:22,1
E2321,B6997,S268,16:52,18:22,1
E2327,B3228,S269,18:11,19:41,1
E2330,B0724,S269,12:34,14:04,1
E2333,B0291,S271,13:05,14:35,2
E2336,B1374,S272,12:45,14:15,2
E2339,B1688,S272,18:21,19:51,1
E2342,B3642,S273,12:27,13:57,1
E2345,B4578,S274,13:29,14:59,3
E2351,B2895,S276,12:51,14:21,1
E2354,B8958,S276,11:59,13:29,1
E2357,B4825,S277,17:56,19:26,3
E2360,B3459,S279,13:50,15:20,1
E2363,B9191,S281,11:54,13:24,3
E2366,B4036,S282,17:01,18:31,2
E2369,B4363,S282,12:22,13:52,4
E2375,B7948,S282,17:39,19:09,3
E2378,B3343,S283,11:32,13:02,3
E2381,B2635,S284,17:08,18:38,2
E2384,B0993,S285,12:32,14:02,1
E2387,B3186,S286,11:55,13:25,12
E2405,B5289,S289,16:33,18:03,15
E2408,B0849,S290,14:07,15:37,9
E2411,B0101,S292,14:30,16:00,1
E2414,B1972,S294,11:53,13:23,1
E2417,B1972,S294,12:48,14:18,2
E2420,B2373,S294,13:34,15:04,2
E2423,B4868,S294,13:35,15:05,1
E2429,B6540,S294,17:23,18:53,2
E2432,B5912,S295,11:58,13:28,2
E2438,B5258,S296,12:21,13:51,1
E2441,B8057,S296,18:08,19:38,2
E2444,B5272,S297,12:00,13:30,3
E2447,B3343,S299,11:49,13:19,3
E2450,B5475,S300,12:36,14:06,1
E2456,B3099,S302,18:04,19:34,4
E2459,B6754,S303,16:38,18:08,1
E2462,B1005,S306,18:28,19:58,3
E2465,B2635,S306,12:17,13:47,1
E2468,B3743,S306,13:07,14:37,4
E2471,B8645,S306,12:58,14:28,2
E2474,B0815,S307,12:53,14:23,2
E2477,B6163,S309,17:44,19:14,1
E2480,B0476,S311,13:47,15:17,1
E2483,B7123,S312,16:12,17:42,2
E2486,B5573,S314,12:06,13:36,1
E2489,B3208,S316,11:38,13:08,2
E2492,B4722,S316,12:45,14:15,2
E2495,B4868,S316,13:18,14:48,2
E2498,B6720,S316,12:49,14:19,2
E2501,B6815,S316,12:04,13:34,2
E2504,B0798,S316,11:51,13:21,1
E2507,B8328,S316,14:10,15:40,2
E2510,B8070,S318,12:13,13:43,8
E2516,B0442,S319,12:17,13:47,1
E2519,B5460,S319,16:54,18:24,1
E2522,B7561,S320,13:03,14:33,2
E2525,B1167,S322,11:55,13:25,13
E2531,B2270,S322,11:59,13:29,9
E2534,B3459,S322,12:16,13:46,11
E2540,B8926,S322,12:20,13:50,12
E2543,B5691,S323,15:53,17:23,3
E2546,B8902,S323,11:53,13:23,9
E2549,B6194,S324,12:04,13:34,1
E2552,B1406,S326,12:00,13:30,2
E2555,B2304,S326,12:26,13:56,1
E2558,B6864,S326,13:02,14:32,2
E2561,B9203,S326,12:48,14:18,1
E2564,B4381,S328,17:12,18:42,18
E2567,B6877,S329,17:07,18:37,2
E2570,B6792,S330,16:57,18:27,2
E2573,B1553,S331,18:26,19:56,1
E2576,B3960,S331,11:41,13:11,2
E2579,B3960,S331,17:12,18:42,2
E2582,B4969,S332,13:51,15:21,3
E2585,B0280,S333,18:07,19:37,1
E2588,B1560,S334,14:41,16:11,2
E2591,B2100,S334,16:10,17:40,1
E2597,B3801,S334,16:17,17:47,2
E2600,B3807,S334,17:24,18:54,2
E2603,B4737,S334,12:42,14:12,3
E2606,B4873,S334,13:51,15:21,2
E2612,B7250,S334,11:45,13:15,1
E2615,B7250,S334,14:41,16:11,6
E2618,B7250,S334,15:27,16:57,3
E2621,B0810,S334,13:44,15:14,1
E2624,B0810,S334,15:42,17:12,3
E2627,B8400,S334,15:44,17:14,2
E2630,B8714,S334,14:58,16:28,4
E2633,B9207,S334,13:22,14:52,1
E2636,B2955,S335,16:57,18:27,5
E2639,B3468,S335,18:05,19:35,4
E2642,B6932,S335,17:01,18:31,3
E2645,B7554,S335,18:04,19:34,1
E2648,B7600,S335,14:19,15:49,3
E2651,B7707,S335,12:12,13:42,3
E2654,B1006,S336,16:43,18:13,1
E2657,B2955,S336,11:32,13:02,1
E2660,B6877,S336,11:41,13:11,1
E2663,B1064,S337,18:16,19:46,1
E2666,B1516,S337,11:54,13:24,1
E2681,B0476,S338,12:05,13:35,1
E2684,B5763,S338,13:14,14:44,1
E2690,B6815,S338,14:10,15:40,2
E2693,B0798,S338,12:10,13:40,2
E2696,B0798,S338,13:04,14:34,1
E2699,B0798,S338,13:47,15:17,1
E2702,B8307,S338,13:12,14:42,1
E2705,B8569,S340,13:34,15:04,1
E2708,B1142,S342,11:55,13:25,1
E2711,B0911,S342,14:17,15:47,1
E2714,B5575,S343,12:41,14:11,1
E2717,B8779,S343,17:44,19:14,1
E2726,B3413,S344,14:30,16:00,1
E2729,B7624,S344,18:01,19:31,2
E2732,B0228,S345,12:16,13:46,12
E2735,B3921,S345,18:23,19:53,9
E2738,B9117,S345,17:38,19:08,16
E2741,B8390,S346,18:25,19:55,1
E2744,B0566,S347,15:00,16:30,2
E2747,B2194,S348,12:12,13:42,1
E2750,B3960,S348,17:56,19:26,2
E2753,B6864,S350,13:27,14:57,3
E2759,B5400,S352,12:09,13:39,1
E2765,B0396,S353,14:58,16:28,4
E2768,B5474,S354,14:59,16:29,1
E2771,B7707,S356,17:18,18:48,2
E2774,B4234,S359,13:59,15:29,4
E2777,B6179,S359,11:58,13:28,4
E2780,B8390,S359,18:02,19:32,3
E2783,B9025,S359,16:05,17:35,1
E2786,B0439,S360,12:52,14:22,17
E2792,B5633,S361,18:21,19:51,2
E2795,B8569,S361,14:03,15:33,6
E2798,B3582,S363,14:31,16:01,2
E2801,B7454,S364,13:27,14:57,1
E2804,B5468,S365,12:38,14:08,1
E2810,B6006,S366,13:07,14:37,1
E2816,B5252,S367,12:52,14:22,1
E2819,B8647,S367,12:21,13:51,1
E2822,B4635,S369,17:04,18:34,1
E2825,B0008,S371,11:51,13:21,1
E2828,B0098,S371,13:38,15:08,1
E2831,B7011,S373,11:58,13:28,1
E2834,B3260,S374,11:31,13:01,3
E2837,B3260,S374,15:50,17:20,2
E2840,B0560,S374,12:27,13:57,2
E2843,B0560,S374,17:00,18:30,3
E2846,B5907,S374,17:40,19:10,2
E2852,B8584,S374,11:58,13:28,2
E2855,B8828,S374,14:48,16:18,2
E2858,B1713,S375,15:36,17:06,1
E2861,B4376,S375,12:24,13:54,2
E2867,B3887,S377,13:24,14:54,2
E2870,B4485,S377,13:08,14:38,3
E2873,B5820,S377,13:16,14:46,2
E2876,B5594,S378,16:40,18:10,4
E2879,B8320,S379,15:58,17:28,1
E2885,B3355,S381,16:48,18:18,1
E2888,B8896,S381,17:29,18:59,1
E2891,B7768,S382,13:38,15:08,1
E2897,B3641,S383,13:05,14:35,4
E2900,B6006,S383,12:11,13:41,2
E2906,B4780,S384,11:54,13:24,1
E2909,B4480,S385,12:47,14:17,1
E2912,B5907,S385,17:55,19:25,1
E2915,B2414,S387,12:00,13:30,2
E2918,B3978,S387,17:20,18:50,3
E2921,B5343,S388,18:11,19:41,1
E2927,B2822,S393,17:47,19:17,4
E2930,B2233,S395,12:01,13:31,17
E2933,B4356,S395,16:02,17:32,8
E2936,B5474,S395,17:27,18:57,9
E2939,B8598,S395,11:45,13:15,14
E2942,B6259,S397,12:38,14:08,2
E2945,B2670,S398,13:39,15:09,1
E2948,B6673,S400,12:03,13:33,3
E2951,B3644,S401,12:06,13:36,1
E2954,B3852,S401,17:51,19:21,1
E2957,B5474,S401,17:15,18:45,1
E2960,B7252,S401,17:32,19:02,1
E2969,B6512,S407,16:27,17:57,3
E2972,B6736,S408,16:47,18:17,4
E2975,B0935,S408,12:12,13:42,6
E2978,B3701,S410,15:41,17:11,1
E2981,B0147,S412,14:27,15:57,3
E2984,B2783,S412,17:45,19:15,3
E2987,B6055,S412,13:18,14:48,4
E2990,B1601,S413,14:43,16:13,3
E2993,B5180,S413,14:26,15:56,2
E2996,B0597,S413,14:29,15:59,3
E2999,B1442,S414,11:32,13:02,2
E3008,B3644,S414,17:09,18:39,1
E3011,B5474,S414,17:15,18:45,3
E3014,B6259,S414,13:52,15:22,2
E3017,B7377,S414,17:13,18:43,1
E3020,B9177,S414,17:05,18:35,1
E3023,B2276,S415,12:31,14:01,1
E3029,B5474,S415,14:56,16:26,1
E3035,B6825,S415,13:46,15:16,2
E3038,B7377,S415,16:53,18:23,1
E3041,B1291,S417,18:02,19:32,1
E3044,B2232,S418,16:13,17:43,6
E3047,B2347,S418,17:29,18:59,1
E3050,B0552,S418,17:25,18:55,2
E3056,B2984,S419,12:45,14:15,1
E3059,B3782,S419,17:35,19:05,1
E3062,B5474,S419,12:44,14:14,7
E3065,B5965,S419,12:54,14:24,7
E3068,B6490,S419,12:43,14:13,4
E3074,B1784,S420,17:39,19:09,1
E3077,B3616,S420,17:20,18:50,2
E3080,B1442,S421,17:24,18:54,2
E3083,B1456,S421,17:11,18:41,8
E3086,B2448,S421,12:27,13:57,15
E3089,B3782,S421,13:16,14:46,3
E3092,B4356,S421,17:37,19:07,1
E3095,B5284,S421,17:20,18:50,1
E3098,B5474,S421,12:48,14:18,3
E3101,B5474,S421,18:07,19:37,19
E3107,B7096,S421,16:53,18:23,1
E3110,B7377,S421,12:56,14:26,1
E3113,B8291,S421,17:50,19:20,2
E3116,B3852,S423,18:05,19:35,1
E3119,B1179,S425,12:23,13:53,2
E3122,B2173,S426,17:28,18:58,1
E3125,B2232,S426,18:21,19:51,1
E3128,B4933,S427,12:00,13:30,3
E3131,B8853,S427,18:20,19:50,1
E3134,B1442,S428,12:57,14:27,1
E3137,B1442,S428,17:58,19:28,3
E3143,B2276,S428,12:08,13:38,5
E3146,B2276,S428,13:18,14:48,2
E3149,B2276,S428,16:44,18:14,2
E3152,B2276,S428,18:13,19:43,2
E3155,B0291,S428,14:22,15:52,2
E3161,B3782,S428,13:11,14:41,1
E3164,B4356,S428,16:56,18:26,1
E3167,B5474,S428,12:13,13:43,5
E3170,B5474,S428,12:53,14:23,2
E3173,B5474,S428,14:48,16:18,2
E3176,B5474,S428,18:15,19:45,3
E3179,B5965,S428,12:21,13:51,2
E3182,B6490,S428,17:38,19:08,3
E3188,B7096,S428,12:16,13:46,2
E3191,B7377,S428,17:49,19:19,3
E3194,B0960,S428,11:40,13:10,2
E3200,B4240,S430,14:08,15:38,2
E3203,B5980,S432,14:27,15:57,1
E3206,B5457,S433,12:35,14:05,4
E3209,B3888,S435,12:26,13:56,1
E3212,B1899,S436,12:27,13:57,4
E3218,B5474,S436,12:04,13:34,3
E3224,B4299,S439,12:16,13:46,1
E3230,B4933,S442,11:40,13:10,1
E3233,B0456,S443,13:44,15:14,2
E3236,B6445,S443,12:03,13:33,1
E3239,B5775,S444,12:01,13:31,1
E3248,B5403,S445,11:42,13:12,1
E3251,B6506,S445,12:49,14:19,1
E3254,B7707,S445,17:19,18:49,1
E3257,B0994,S445,16:57,18:27,1
E3260,B6603,S446,13:10,14:40,2
E3263,B6767,S447,14:58,16:28,4
E3266,B2393,S448,15:28,16:58,2
E3269,B5775,S448,11:40,13:10,2
E3275,B7579,S448,17:03,18:33,1
E3278,B7776,S449,13:03,14:33,3
E3281,B5018,S450,16:33,18:03,2
E3287,B5937,S451,12:06,13:36,2
E3293,B2636,S455,12:16,13:46,2
E3296,B4494,S455,11:54,13:24,1
E3302,B9111,S455,13:23,14:53,5
E3305,B0129,S457,12:21,13:51,1
E3311,B2399,S459,12:30,14:00,2
E3314,B8013,S460,13:51,15:21,1
E3317,B8238,S461,12:12,13:42,1
E3320,B1450,S463,12:44,14:14,2
E3323,B2393,S463,13:01,14:31,2
E3329,B3995,S463,11:43,13:13,1
E3332,B5240,S463,12:39,14:09,8
E3335,B6083,S463,12:58,14:28,2
E3341,B6665,S463,13:05,14:35,2
E3344,B7579,S463,12:36,14:06,2
E3347,B7768,S463,12:27,13:57,2
E3350,B8114,S463,18:27,19:57,1
E3353,B0930,S463,11:35,13:05,2
E3356,B0930,S463,13:51,15:21,2
E3362,B4453,S464,11:32,13:02,2
E3365,B5968,S464,11:36,13:06,1
E3368,B0930,S464,12:42,14:12,2
E3371,B5775,S466,13:23,14:53,1
E3377,B0089,S468,12:03,13:33,2
E3380,B5154,S470,15:16,16:46,4
E3383,B4729,S471,11:55,13:25,2
E3386,B4667,S472,14:55,16:25,2
E3389,B0117,S473,12:06,13:36,1
E3392,B5486,S473,14:03,15:33,1
E3395,B0324,S474,12:58,14:28,1
E3398,B9111,S474,18:23,19:53,3
E3410,B0622,S476,18:03,19:33,1
E3413,B6890,S476,11:36,13:06,1
E3416,B7904,S476,14:49,16:19,1
E3422,B4728,S477,13:14,14:44,3
E3425,B3745,S478,12:25,13:55,2
E3428,B1766,S479,12:30,14:00,1
E3431,B2792,S479,11:58,13:28,1
E3434,B0092,S479,12:08,13:38,1
E3437,B3535,S480,11:50,13:20,1
E3440,B6603,S480,17:03,18:33,1
E3443,B7353,S480,12:02,13:32,1
E3446,B2095,S481,12:33,14:03,1
E3452,B2323,S483,18:12,19:42,8
E3455,B3750,S483,14:59,16:29,13
E3458,B4188,S483,13:28,14:58,9
E3461,B6890,S483,12:01,13:31,10
E3464,B1222,S484,12:46,14:16,5
E3467,B3003,S484,16:39,18:09,3
E3470,B5799,S484,18:06,19:36,3
E3473,B2323,S486,17:56,19:26,2
E3476,B4320,S486,12:36,14:06,1
E3479,B8060,S486,18:08,19:38,1
E3482,B7443,S488,14:34,16:04,2
E3485,B8000,S488,13:11,14:41,1
E3488,B1791,S489,16:34,18:04,3
E3491,B3745,S489,14:50,16:20,7
E3494,B3745,S489,16:49,18:19,1
E3497,B5095,S489,12:04,13:34,4
E3500,B0557,S489,11:58,13:28,2
E3503,B6665,S489,17:06,18:36,4
E3506,B7904,S489,14:08,15:38,1
E3509,B8614,S489,11:37,13:07,3
E3512,B2965,S490,12:13,13:43,2
E3515,B3745,S491,14:49,16:19,4
E3518,B8697,S491,17:51,19:21,1
E3533,B8742,S493,11:30,13:00,1
E3539,B0540,S494,12:51,14:21,2
E3542,B5968,S494,17:50,19:20,2
E3545,B6817,S494,16:28,17:58,1
E3548,B0805,S494,14:00,15:30,2
E3551,B8742,S494,16:05,17:35,1
E3554,B1416,S495,12:37,14:07,2
E3560,B4458,S495,16:04,17:34,2
E3563,B7533,S495,12:53,14:23,2
E3566,B0833,S495,13:37,15:07,2
E3569,B7071,S497,15:23,16:53,18
E3572,B5531,S498,11:48,13:18,2
E3575,B6232,S499,18:01,19:31,2
E3578,B8481,S500,17:50,19:20,1
E3581,B1456,S503,18:25,19:55,1
E3584,B3782,S503,12:37,14:07,2
E3590,B0148,S506,17:36,19:06,1
E3593,B2014,S506,13:48,15:18,1
E3596,B4899,S508,17:48,19:18,1
E3599,B7781,S508,16:43,18:13,1
E3602,B2076,S509,14:28,15:58,2
E3605,B1125,S510,12:03,13:33,14
E3608,B4556,S512,13:09,14:39,3
E3611,B0513,S513,12:50,14:20,1
E3614,B3722,S514,12:50,14:20,2
E3617,B1380,S515,17:44,19:14,2
E3626,B2355,S515,13:58,15:28,8
E3629,B4106,S515,17:37,19:07,2
E3632,B0513,S515,16:53,18:23,2
E3635,B5520,S515,15:57,17:27,5
E3638,B6179,S515,16:14,17:44,1
E3641,B6462,S515,11:42,13:12,1
E3644,B6691,S515,14:11,15:41,2
E3662,B1753,S518,12:55,14:25,1
E3668,B4106,S518,12:14,13:44,1
E3671,B4106,S518,13:45,15:15,2
E3674,B0513,S518,18:10,19:40,1
E3677,B6179,S518,17:15,18:45,1
E3680,B6462,S518,17:30,19:00,1
E3683,B6691,S518,17:14,18:44,3
E3692,B6179,S519,15:15,16:45,1
E3704,B1774,S521,11:41,13:11,2
E3710,B1774,S521,16:56,18:26,3
E3728,B5973,S521,11:37,13:07,3
E3731,B6179,S521,12:08,13:38,4
E3734,B6179,S521,13:14,14:44,5
E3737,B6179,S521,16:53,18:23,1
E3740,B6179,S521,18:15,19:45,7
E3752,B1557,S522,13:43,15:13,2
E3755,B6022,S522,13:07,14:37,3
E3758,B7428,S522,15:29,16:59,4
E3761,B6179,S523,16:21,17:51,1
E3773,B6179,S524,11:42,13:12,1
E3776,B6179,S524,12:30,14:00,3
E3779,B6179,S524,17:40,19:10,3
E3782,B0126,S525,12:39,14:09,2
E3785,B3187,S525,11:45,13:15,1
E3788,B0674,S525,17:52,19:22,3
E3794,B4760,S528,12:17,13:47,1
E3797,B1701,S529,17:23,18:53,1
E3803,B1701,S532,12:41,14:11,2
E3806,B2919,S532,17:46,19:16,4
E3809,B3227,S532,13:17,14:47,3
E3812,B3789,S532,12:41,14:11,2
E3815,B3789,S532,14:23,15:53,2
E3818,B3789,S532,18:19,19:49,3
E3824,B6022,S533,13:15,14:45,6
E3830,B9016,S533,12:42,14:12,2
E3833,B7020,S536,13:23,14:53,2
E3839,B0136,S539,13:12,14:42,1
E3842,B8695,S539,13:10,14:40,2
E3845,B8695,S539,17:02,18:32,1
E3848,B1203,S541,12:41,14:11,2
E3851,B0605,S542,13:03,14:33,1
E3854,B0336,S544,12:10,13:40,1
E3857,B0608,S544,16:11,17:41,1
E3860,B1372,S546,16:06,17:36,5
E3863,B0605,S546,14:07,15:37,2
E3869,B7900,S548,16:03,17:33,1
E3872,B0632,S549,18:09,19:39,2
E3875,B2080,S551,17:02,18:32,2
E3878,B6235,S551,16:47,18:17,4
E3881,B7900,S551,17:35,19:05,1
E3887,B0608,S553,11:47,13:17,1
E3890,B0099,S554,15:44,17:14,1
E3893,B5962,S555,11:31,13:01,1
E3899,B7900,S556,11:58,13:28,1
E3902,B1804,S557,11:30,13:00,2
E3905,B2080,S557,11:44,13:14,3
E3908,B2689,S557,12:07,13:37,1
E3911,B4834,S557,18:05,19:35,2
E3914,B5488,S557,16:06,17:36,1
E3917,B5962,S557,12:08,13:38,2
E3923,B7900,S557,17:59,19:29,2
E3926,B5976,S558,12:37,14:07,1
E3929,B7900,S558,13:00,14:30,2
E3932,B0632,S559,11:47,13:17,1
E3935,B5599,S560,12:24,13:54,1
E3938,B4067,S561,12:35,14:05,1
E3941,B2310,S563,12:18,13:48,4
E3944,B3006,S564,11:55,13:25,1
E3947,B2441,S566,16:51,18:21,1
E3950,B1299,S567,14:48,16:18,1
E3953,B2350,S567,16:20,17:50,1
E3956,B6755,S567,14:21,15:51,2
E3959,B2048,S570,15:24,16:54,1
E3962,B2350,S570,15:38,17:08,1
E3971,B5242,S572,17:43,19:13,1
E3977,B0632,S572,16:36,18:06,13
E3980,B8570,S572,18:19,19:49,1
E3983,B1865,S573,11:34,13:04,1
E3989,B2903,S573,11:42,13:12,2
E3992,B3765,S573,18:01,19:31,3
E3995,B3979,S573,11:43,13:13,2
E3998,B5241,S573,12:19,13:49,3
E4001,B5744,S573,11:51,13:21,2
E4004,B6726,S573,17:22,18:52,3
E4007,B7596,S573,12:14,13:44,2
E4010,B7900,S573,11:41,13:11,2
E4013,B7900,S573,17:45,19:15,2
E4016,B0099,S573,17:13,18:43,2
E4022,B1865,S574,11:55,13:25,6
E4025,B1865,S574,17:44,19:14,2
E4031,B2951,S574,12:31,14:01,2
E4034,B3765,S574,11:59,13:29,1
E4037,B5241,S574,11:59,13:29,1
E4040,B5488,S574,15:46,17:16,2
E4043,B5839,S574,12:35,14:05,2
E4046,B6456,S574,13:35,15:05,3
E4049,B7596,S574,11:44,13:14,2
E4052,B5136,S575,12:49,14:19,2
E4058,B4128,S576,16:29,17:59,2
E4061,B8165,S576,14:40,16:10,2
E4064,B1865,S577,12:03,13:33,2
E4070,B0206,S579,12:46,14:16,2
E4073,B2951,S579,12:50,14:20,2
E4076,B0373,S579,12:47,14:17,1
E4079,B5571,S579,12:49,14:19,2
E4088,B0373,S580,13:24,14:54,3
E4091,B5241,S580,12:39,14:09,2
E4094,B0581,S580,18:13,19:43,4
E4100,B0667,S581,18:18,19:48,2
E4103,B1489,S584,18:16,19:46,2
E4109,B0581,S585,13:15,14:45,2
E4112,B4243,S586,11:47,13:17,3
E4115,B0581,S586,13:42,15:12,1
E4121,B4854,S587,11:54,13:24,1
E4124,B2244,S588,18:18,19:48,3
E4127,B5946,S589,16:52,18:22,3
E4130,B3019,S590,15:49,17:19,1
E4133,B4176,S590,12:48,14:18,1
E4136,B6062,S590,18:29,19:59,2
E4139,B4176,S591,17:58,19:28,1
E4142,B2951,S592,15:47,17:17,3
E4145,B4176,S592,12:21,13:51,2
E4148,B0795,S592,11:44,13:14,4
E4151,B3765,S593,13:53,15:23,2
E4154,B3275,S594,18:20,19:50,3
E4157,B5571,S594,11:34,13:04,2
E4160,B0995,S594,11:36,13:06,1
E4163,B4176,S595,17:52,19:22,3
E4166,B3135,S596,16:58,18:28,12
E4169,B6746,S596,11:55,13:25,3
E4172,B1399,S597,11:50,13:20,1
E4178,B2415,S597,18:28,19:58,2
E4181,B3354,S597,12:57,14:27,2
E4184,B4409,S597,12:18,13:48,1
E4187,B4409,S597,14:25,15:55,2
E4190,B4690,S597,18:28,19:58,1
E4193,B6884,S597,12:43,14:13,3
E4196,B9188,S597,18:22,19:52,3
E4199,B2415,S599,12:12,13:42,2
E4202,B4409,S599,18:00,19:30,1
E4205,B6884,S599,18:05,19:35,1
E4211,B1684,S600,12:16,13:46,3
E4214,B2521,S600,12:12,13:42,1
E4217,B2521,S600,17:29,18:59,1
E4220,B2706,S600,17:16,18:46,2
E4229,B4409,S600,12:55,14:25,3
E4232,B6884,S600,11:45,13:15,1
E4235,B6884,S600,12:45,14:15,3
E4238,B6884,S600,14:32,16:02,2
E4241,B3354,S601,17:57,19:27,1
E4247,B6884,S601,18:29,19:59,1
E4256,B3354,S603,18:16,19:46,3
E4259,B4409,S603,12:55,14:25,2
E4262,B6884,S603,11:48,13:18,2
E4265,B6884,S603,18:03,19:33,1
E4271,B1433,S605,11:57,13:27,10
E4274,B1468,S605,17:10,18:40,10
E4277,B2521,S605,11:35,13:05,13
E4280,B2521,S605,14:30,16:00,15
E4283,B2521,S605,17:34,19:04,23
E4286,B2521,S605,18:29,19:59,3
E4289,B3354,S605,17:52,19:22,14
E4295,B4324,S605,16:16,17:46,9
E4304,B4764,S605,12:05,13:35,1
E4307,B6884,S605,17:59,19:29,13
E4310,B2521,S607,11:33,13:03,1
E4313,B1437,S608,11:42,13:12,4
E4316,B4690,S608,18:23,19:53,2
E4319,B2794,S609,14:15,15:45,5
E4322,B3923,S609,18:12,19:42,3
E4328,B1884,S611,15:11,16:41,1
E4331,B2810,S611,15:28,16:58,1
E4334,B3644,S611,17:40,19:10,1
E4337,B3652,S611,15:31,17:01,2
E4340,B1081,S612,12:19,13:49,4
E4343,B2475,S612,12:06,13:36,1
E4346,B3158,S612,17:40,19:10,1
E4349,B0356,S612,12:02,13:32,2
E4352,B7285,S612,12:08,13:38,1
E4355,B7528,S612,17:27,18:57,1
E4358,B8964,S612,12:27,13:57,3
E4361,B8964,S612,16:19,17:49,1
E4364,B2794,S613,12:22,13:52,1
E4367,B3253,S613,12:41,14:11,1
E4370,B0356,S613,17:16,18:46,2
E4373,B3644,S613,15:28,16:58,1
E4376,B3644,S613,18:04,19:34,1
E4379,B4951,S613,11:53,13:23,1
E4382,B7694,S613,12:36,14:06,2
E4388,B3253,S614,16:07,17:37,2
E4391,B3644,S614,11:46,13:16,2
E4394,B4435,S614,12:31,14:01,1
E4400,B1095,S615,16:48,18:18,1
E4403,B1946,S615,11:56,13:26,1
E4406,B3253,S615,17:20,18:50,1
E4409,B3644,S615,12:40,14:10,1
E4412,B3644,S615,18:08,19:38,1
E4418,B2451,S617,12:59,14:29,7
E4421,B2451,S617,17:13,18:43,9
E4424,B3253,S617,11:46,13:16,7
E4427,B3644,S617,12:25,13:55,8
E4430,B3644,S617,17:43,19:13,7
E4433,B3923,S617,11:41,13:11,14
E4436,B3923,S617,17:50,19:20,7
E4439,B1095,S618,12:03,13:33,1
E4442,B2451,S618,11:54,13:24,2
E4445,B3259,S618,17:35,19:05,2
E4448,B3644,S618,15:50,17:20,1
E4451,B4435,S618,18:01,19:31,2
E4457,B2451,S619,11:43,13:13,4
E4460,B2794,S619,11:45,13:15,3
E4463,B2794,S619,18:01,19:31,2
E4466,B3253,S619,13:31,15:01,2
E4469,B3644,S619,11:46,13:16,2
E4472,B3644,S619,13:26,14:56,1
E4475,B3923,S620,17:49,19:19,1
E4484,B2451,S621,12:00,13:30,1
E4487,B2451,S621,15:03,16:33,1
E4490,B2706,S621,18:29,19:59,2
E4493,B3644,S621,12:11,13:41,1
E4496,B3644,S621,18:00,19:30,2
E4499,B4435,S621,12:48,14:18,1
E4511,B2706,S622,17:03,18:33,2
E4514,B3644,S622,12:44,14:14,2
E4517,B3259,S623,12:52,14:22,1
E4520,B2451,S624,12:09,13:39,1
E4523,B4435,S624,13:50,15:20,1
E4526,B2451,S625,12:00,13:30,1
E4529,B3644,S625,17:22,18:52,1
E4535,B4435,S626,17:53,19:23,2
E4538,B2451,S627,11:52,13:22,1
E4541,B2451,S627,18:07,19:37,1
E4547,B3644,S627,11:52,13:22,2
E4550,B7694,S627,16:39,18:09,2
E4556,B3253,S628,14:14,15:44,2
E4559,B3644,S628,16:17,17:47,1
E4568,B2451,S629,12:40,14:10,1
E4571,B2794,S629,11:38,13:08,1
E4574,B2794,S629,16:34,18:04,1
E4577,B3253,S629,17:40,19:10,1
E4583,B3644,S629,13:10,14:40,1
E4586,B3644,S629,17:53,19:23,2
E4589,B3923,S629,11:38,13:08,2
E4592,B3923,S629,14:35,16:05,2
E4595,B4435,S629,18:11,19:41,1
E4610,B2451,S630,15:43,17:13,1
E4613,B3253,S630,12:57,14:27,1
E4616,B3644,S630,11:40,13:10,2
E4619,B3644,S630,16:00,17:30,1
E4622,B3644,S630,17:53,19:23,1
E4628,B4435,S630,18:01,19:31,2
E4634,B0096,S630,13:45,15:15,1
E4640,B2451,S631,18:05,19:35,4
E4643,B3253,S631,16:38,18:08,8
E4646,B3923,S631,16:52,18:22,7
E4649,B2451,S632,18:06,19:36,3
E4655,B2451,S633,16:32,18:02,4
E4658,B3644,S633,17:36,19:06,3
E4661,B2807,S634,12:06,13:36,1
E4664,B3545,S634,18:01,19:31,3
E4667,B4951,S634,12:27,13:57,3
E4670,B4951,S634,17:40,19:10,5
E4673,B0561,S634,17:06,18:36,3
E4694,B4951,S635,15:19,16:49,1
E4700,B0561,S635,12:48,14:18,1
E4706,B2807,S636,11:35,13:05,1
E4715,B6148,S637,14:47,16:17,1
E4718,B4951,S639,11:38,13:08,1
E4727,B0561,S639,17:17,18:47,1
E4763,B5520,S642,12:39,14:09,2
E0001,B1036,S001,17:33,19:03,2
E0004,B3341,S001,16:05,17:35,1
E0007,B3341,S001,17:36,19:06,2
E0010,B0434,S001,17:18,18:48,1
E0013,B5710,S001,17:08,18:38,1
E0016,B6315,S001,17:23,18:53,1
E0019,B8851,S001,17:20,18:50,1
E0022,B3499,S002,17:19,18:49,22
E0025,B1101,S003,13:10,14:40,5
E0028,B1412,S003,17:22,18:52,1
E0031,B3481,S003,12:12,13:42,1
E0034,B3569,S003,12:43,14:13,2
E0037,B3569,S003,17:23,18:53,11
E0040,B3960,S003,14:11,15:41,2
E0043,B3960,S003,17:06,18:36,12
E0046,B3960,S003,18:00,19:30,6
E0049,B5710,S003,11:52,13:22,1
E0052,B7768,S003,12:26,13:56,13
E0055,B7861,S003,12:06,13:36,1
E0058,B7861,S003,17:01,18:31,5
E0061,B1425,S004,13:25,14:55,4
E0064,B3341,S004,18:24,19:54,1
E0067,B3481,S004,13:04,14:34,1
E0070,B5710,S004,12:35,14:05,1
E0073,B7861,S004,11:38,13:08,1
E0076,B7861,S004,12:16,13:46,1
E0079,B3960,S006,13:05,14:35,2
E0082,B0434,S008,12:15,13:45,2
E0085,B7375,S008,13:55,15:25,1
E0091,B0434,S010,17:32,19:02,12
E0094,B1548,S011,17:39,19:09,1
E0097,B3341,S011,12:17,13:47,2
E0100,B3341,S011,18:28,19:58,3
E0103,B0434,S011,12:06,13:36,2
E0106,B0434,S011,18:25,19:55,2
E0109,B0064,S011,12:59,14:29,2
E0112,B6315,S011,11:47,13:17,2
E0115,B6990,S011,17:12,18:42,2
E0118,B1548,S012,11:31,13:01,1
E0121,B0305,S012,12:59,14:29,1
E0127,B3341,S012,12:39,14:09,1
E0130,B3341,S012,17:21,18:51,1
E0133,B0434,S012,16:44,18:14,1
E0136,B5948,S012,15:49,17:19,1
E0139,B0064,S012,12:58,14:28,2
E0142,B7375,S012,17:41,19:11,1
E0145,B3341,S013,15:44,17:14,2
E0148,B0064,S013,13:44,15:14,1
E0151,B1548,S014,11:38,13:08,1
E0157,B3058,S014,13:22,14:52,1
E0160,B3341,S014,11:56,13:26,2
E0163,B0434,S014,11:35,13:05,1
E0166,B0434,S014,13:42,15:12,2
E0169,B5710,S014,11:53,13:23,2
E0172,B5710,S014,15:40,17:10,1
E0175,B0064,S014,16:58,18:28,1
E0178,B7861,S014,12:10,13:40,1
E0184,B3341,S015,14:37,16:07,1
E0187,B0064,S015,12:30,14:00,1
E0190,B1036,S016,12:18,13:48,2
E0193,B1036,S016,17:37,19:07,1
E0196,B1548,S016,11:34,13:04,1
E0205,B2461,S016,12:29,13:59,4
E0208,B0291,S016,12:58,14:28,2
E0211,B3058,S016,13:59,15:29,1
E0214,B3062,S016,12:54,14:24,1
E0217,B3062,S016,17:55,19:25,3
E0220,B3341,S016,11:56,13:26,4
E0223,B3341,S016,12:30,14:00,2
E0226,B3341,S016,13:16,14:46,2
E0229,B3341,S016,14:37,16:07,5
E0232,B3341,S016,17:00,18:30,1
E0235,B3341,S016,17:44,19:14,1
E0238,B3341,S016,18:28,19:58,3
E0241,B3569,S016,17:27,18:57,2
E0244,B4012,S016,15:05,16:35,2
E0247,B0434,S016,12:04,13:34,1
E0250,B0434,S016,13:10,14:40,6
E0253,B0434,S016,14:59,16:29,1
E0256,B0434,S016,15:30,17:00,1
E0259,B0434,S016,17:07,18:37,1
E0262,B0434,S016,17:44,19:14,3
E0265,B4765,S016,15:39,17:09,1
E0268,B5100,S016,12:35,14:05,1
E0271,B5143,S016,12:57,14:27,1
E0274,B5143,S016,15:36,17:06,1
E0277,B5710,S016,11:35,13:05,1
E0280,B5710,S016,12:42,14:12,5
E0283,B5710,S016,13:37,15:07,2
E0286,B5710,S016,16:36,18:06,1
E0289,B5710,S016,17:55,19:25,4
E0292,B5948,S016,11:58,13:28,1
E0295,B0064,S016,12:14,13:44,2
E0298,B0064,S016,12:59,14:29,3
E0301,B0064,S016,15:38,17:08,1
E0304,B6315,S016,12:58,14:28,11
E0307,B6315,S016,13:33,15:03,3
E0310,B6350,S016,11:55,13:25,2
E0313,B6350,S016,12:31,14:01,1
E0316,B6350,S016,18:29,19:59,1
E0319,B6540,S016,12:44,14:14,3
E0322,B7278,S016,11:56,13:26,1
E0325,B8683,S016,13:56,15:26,2
E0328,B8851,S016,16:26,17:56,1
E0331,B0291,S017,12:47,14:17,1
E0334,B3341,S017,12:19,13:49,3
E0337,B3341,S017,15:33,17:03,1
E0340,B3341,S017,17:59,19:29,1
E0343,B0434,S017,12:03,13:33,1
E0346,B0530,S017,12:11,13:41,2
E0349,B0064,S017,18:24,19:54,1
E0355,B3058,S018,12:40,14:10,1
E0358,B3341,S018,11:40,13:10,2
E0361,B3341,S018,15:05,16:35,1
E0364,B3960,S018,12:41,14:11,1
E0367,B0434,S018,13:05,14:35,1
E0370,B0434,S018,18:02,19:32,2
E0376,B5710,S018,18:07,19:37,1
E0379,B0064,S018,12:40,14:10,1
E0382,B6350,S018,11:56,13:26,1
E0385,B3341,S019,17:00,18:30,2
E0388,B3062,S020,14:46,16:16,4
E0391,B5710,S020,12:47,14:17,2
E0394,B6350,S020,15:25,16:55,4
E0397,B1036,S021,14:29,15:59,1
E0400,B1425,S021,15:54,17:24,1
E0412,B2860,S021,16:53,18:23,1
E0415,B2875,S021,12:02,13:32,1
E0418,B0291,S021,17:33,19:03,2
E0421,B3058,S021,16:28,17:58,2
E0424,B3062,S021,14:00,15:30,1
E0433,B3341,S021,13:34,15:04,1
E0436,B3341,S021,15:58,17:28,2
E0439,B3341,S021,16:38,18:08,1
E0451,B3960,S021,12:49,14:19,1
E0454,B3960,S021,17:23,18:53,2
E0460,B0434,S021,15:22,16:52,1
E0469,B5143,S021,11:47,13:17,1
E0475,B5710,S021,17:08,18:38,4
E0484,B6315,S021,15:00,16:30,2
E0490,B6350,S021,11:47,13:17,1
E0493,B6350,S021,16:47,18:17,1
E0502,B6716,S021,18:11,19:41,2
E0508,B7768,S021,11:42,13:12,1
E0511,B7768,S021,17:25,18:55,1
E0520,B3058,S022,12:44,14:14,2
E0523,B3341,S022,13:30,15:00,5
E0535,B0434,S023,16:52,18:22,1
E0538,B3481,S024,17:42,19:12,1
E0547,B7861,S024,11:58,13:28,1
E0556,B3341,S025,16:31,18:01,3
E0559,B4012,S025,16:32,18:02,1
E0562,B5143,S025,16:55,18:25,3
E0565,B7768,S025,18:22,19:52,1
E0568,B1235,S026,12:15,13:45,2
E0571,B2461,S026,13:20,14:50,1
E0574,B3009,S026,13:28,14:58,1
E0577,B3341,S026,11:44,13:14,1
E0580,B3341,S026,13:20,14:50,1
E0589,B3960,S026,17:26,18:56,1
E0592,B0434,S026,13:18,14:48,1
E0595,B5520,S026,16:07,17:37,1
E0610,B6629,S026,16:46,18:16,1
E0613,B7768,S026,14:05,15:35,1
E0616,B7861,S026,13:47,15:17,1
E0628,B3341,S028,15:23,16:53,2
E0637,B0064,S028,16:34,18:04,1
E0646,B3058,S030,11:55,13:25,1
E0649,B3341,S030,11:39,13:09,3
E0658,B0434,S030,14:23,15:53,1
E0667,B6315,S030,14:23,15:53,2
E0676,B8851,S030,16:15,17:45,1
E0679,B3058,S031,15:46,17:16,1
E0682,B3341,S031,15:43,17:13,2
E0691,B3960,S033,17:05,18:35,1
E0697,B6315,S034,13:46,15:16,1
E0700,B3341,S035,16:38,18:08,1
E0706,B7768,S035,12:08,13:38,1
E0712,B6540,S036,11:54,13:24,2
E0715,B1036,S037,15:23,16:53,4
E0718,B3009,S037,13:23,14:53,10
E0730,B6315,S037,15:05,16:35,1
E0742,B3341,S038,11:45,13:15,2
E0748,B7861,S038,15:07,16:37,1
E0757,B3009,S039,18:28,19:58,1
E0784,B6315,S039,15:05,16:35,1
E0799,B8851,S040,14:56,16:26,1
E0802,B3062,S041,13:41,15:11,1
E0817,B1548,S043,13:29,14:59,1
E0832,B3341,S043,13:41,15:11,2
E0841,B4012,S043,14:53,16:23,2
E0847,B0434,S043,15:00,16:30,2
E0862,B6315,S043,13:53,15:23,2
E0868,B6350,S043,14:13,15:43,2
E0886,B2860,S045,11:44,13:14,3
E0889,B2875,S045,17:07,18:37,1
E0922,B6540,S045,11:45,13:15,2
E0925,B7375,S045,15:23,16:53,1
E0931,B3481,S046,14:41,16:11,2
E0937,B6315,S046,16:08,17:38,1
E0943,B3058,S047,12:41,14:11,1
E0952,B6315,S047,13:54,15:24,1
E1003,B3062,S051,15:34,17:04,1
E1072,B2875,S056,15:14,16:44,2
E1087,B3009,S057,18:07,19:37,2
E1093,B2875,S059,11:37,13:07,1
E1099,B1036,S060,15:27,16:57,1
E1120,B3960,S061,11:42,13:12,1
E1153,B2860,S064,13:15,14:45,2
E1156,B2860,S064,17:59,19:29,2
E1159,B2875,S064,15:07,16:37,3
E1162,B2875,S064,17:30,19:00,1
E1210,B3058,S065,11:47,13:17,3
E1234,B6540,S067,13:17,14:47,1
E1342,B6540,S073,12:24,13:54,1
E1351,B2247,S075,18:04,19:34,1
E1354,B0291,S076,12:06,13:36,1
E1357,B6492,S078,12:15,13:45,4
E1360,B4145,S079,14:37,16:07,2
E1366,B4645,S082,17:11,18:41,1
E1369,B0376,S083,16:22,17:52,1
E1372,B1033,S085,12:48,14:18,2
E1375,B6540,S085,12:27,13:57,1
E1378,B6636,S085,12:10,13:40,1
E1381,B0049,S086,16:32,18:02,1
E1384,B5986,S086,14:18,15:48,3
E1387,B0447,S088,17:13,18:43,1
E1390,B0897,S089,14:11,15:41,3
E1393,B5223,S090,18:03,19:33,2
E1396,B6680,S091,14:16,15:46,2
E1399,B0670,S093,11:55,13:25,1
E1402,B3913,S095,12:52,14:22,3
E1405,B5923,S096,13:48,15:18,4
E1408,B0291,S098,13:45,15:15,13
E1411,B2123,S099,12:37,14:07,1
E1414,B2408,S099,12:39,14:09,3
E1420,B0547,S099,12:45,14:15,3
E1423,B6369,S099,12:53,14:23,1
E1426,B7753,S099,13:24,14:54,2
E1429,B8132,S100,15:12,16:42,2
E1432,B3438,S101,12:53,14:23,1
E1435,B3438,S101,13:47,15:17,1
E1438,B3438,S101,14:36,16:06,2
E1441,B6540,S101,13:46,15:16,1
E1447,B0017,S103,13:20,14:50,2
E1450,B8073,S103,12:55,14:25,2
E1453,B1663,S105,15:54,17:24,6
E1456,B4277,S105,11:33,13:03,10
E1459,B4970,S105,14:19,15:49,14
E1462,B0246,S106,12:00,13:30,1
E1465,B5534,S106,12:34,14:04,1
E1468,B2147,S107,18:11,19:41,1
E1471,B1336,S108,18:21,19:51,5
E1474,B2147,S108,11:45,13:15,3
E1477,B0539,S108,12:04,13:34,3
E1480,B7425,S108,18:23,19:53,4
E1483,B2408,S110,16:28,17:58,4
E1486,B4845,S110,13:07,14:37,1
E1489,B0246,S111,11:33,13:03,2
E1492,B0810,S111,13:17,14:47,2
E1495,B8714,S111,13:13,14:43,1
E1498,B3431,S112,13:06,14:36,1
E1501,B0738,S113,16:17,17:47,4
E1504,B6741,S115,14:55,16:25,3
E1507,B8714,S117,16:07,17:37,3
E1510,B6310,S120,17:29,18:59,1
E1516,B7763,S121,11:52,13:22,2
E1519,B2100,S124,11:35,13:05,2
E1522,B8917,S124,14:57,16:27,1
E1525,B1936,S125,17:47,19:17,1
E1528,B1089,S127,11:46,13:16,1
E1531,B1066,S129,11:43,13:13,1
E1534,B1066,S129,18:24,19:54,1
E1537,B0049,S129,17:27,18:57,1
E1540,B5534,S129,13:16,14:46,1
E1543,B2100,S131,14:00,15:30,1
E1546,B5488,S131,11:50,13:20,1
E1549,B0791,S131,12:20,13:50,1
E1552,B8714,S131,16:18,17:48,1
E1555,B1066,S133,12:49,14:19,1
E1558,B0246,S133,13:10,14:40,1
E1561,B0246,S134,11:56,13:26,1
E1564,B8714,S134,16:13,17:43,2
E1567,B2100,S135,12:30,14:00,1
E1570,B3020,S135,12:03,13:33,1
E1573,B8714,S135,12:27,13:57,3
E1576,B8714,S135,17:57,19:27,1
E1579,B3807,S137,12:07,13:37,2
E1582,B2277,S139,13:10,14:40,2
E1588,B0246,S141,17:57,19:27,2
E1591,B8714,S141,17:33,19:03,1
E1594,B3198,S142,13:58,15:28,1
E1597,B3198,S142,16:57,18:27,2
E1600,B3198,S142,18:17,19:47,1
E1603,B2277,S143,16:20,17:50,3
E1606,B5905,S143,13:42,15:12,2
E1609,B6472,S143,11:56,13:26,3
E1612,B2509,S144,14:14,15:44,4
E1615,B5983,S145,12:47,14:17,3
E1618,B6795,S147,12:28,13:58,1
E1621,B0172,S150,17:01,18:31,2
E1624,B7235,S151,12:35,14:05,5
E1627,B2740,S152,17:42,19:12,14
E1630,B3243,S152,17:15,18:45,3
E1633,B7235,S152,13:19,14:49,23
E1636,B0747,S152,13:16,14:46,11
E1639,B3431,S153,13:33,15:03,4
E1642,B7609,S153,12:01,13:31,1
E1645,B3211,S154,17:50,19:20,3
E1648,B1771,S155,13:11,14:41,3
E1651,B4582,S156,16:09,17:39,7
E1654,B4046,S157,12:14,13:44,3
E1657,B7826,S157,16:54,18:24,3
E1660,B5026,S158,18:04,19:34,2
E1663,B2546,S159,11:52,13:22,2
E1666,B0790,S161,11:53,13:23,2
E1669,B1936,S163,17:41,19:11,1
E1672,B8744,S164,12:53,14:23,4
E1675,B1275,S165,15:25,16:55,5
E1681,B1602,S165,12:34,14:04,11
E1684,B2546,S165,13:15,14:45,12
E1687,B3243,S165,12:25,13:55,12
E1690,B0348,S165,11:31,13:01,1
E1693,B3960,S165,13:29,14:59,16
E1696,B4390,S165,18:09,19:39,11
E1699,B4808,S165,12:53,14:23,12
E1702,B7235,S165,16:15,17:45,9
E1705,B7826,S165,13:16,14:46,2
E1708,B9143,S165,17:17,18:47,2
E1711,B1402,S168,13:08,14:38,3
E1714,B3243,S168,16:08,17:38,1
E1717,B2019,S170,12:19,13:49,9
E1720,B8835,S170,12:53,14:23,13
E1723,B4046,S172,16:39,18:09,1
E1726,B1251,S173,17:40,19:10,1
E1729,B1297,S174,11:46,13:16,10
E1732,B2019,S174,12:21,13:51,17
E1735,B3018,S174,12:50,14:20,9
E1738,B4340,S174,15:34,17:04,16
E1741,B5756,S174,15:12,16:42,12
E1744,B6590,S174,15:15,16:45,16
E1747,B8203,S174,16:45,18:15,13
E1750,B5217,S175,12:11,13:41,2
E1753,B3243,S177,18:19,19:49,1
E1756,B4202,S179,12:25,13:55,1
E1759,B1499,S181,16:13,17:43,21
E1762,B2036,S181,14:27,15:57,19
E1765,B0359,S181,18:04,19:34,10
E1768,B8615,S181,12:58,14:28,1
E1771,B8744,S182,12:46,14:16,1
E1774,B2754,S184,15:21,16:51,2
E1777,B8025,S184,11:40,13:10,1
E1783,B2108,S188,17:49,19:19,2
E1786,B7783,S189,12:12,13:42,2
E1789,B4849,S192,14:31,16:01,1
E1795,B8139,S194,11:33,13:03,1
E1798,B2087,S195,17:45,19:15,2
E1801,B8907,S196,12:45,14:15,20
E1804,B1502,S198,16:55,18:25,6
E1807,B3145,S198,12:50,14:20,2
E1813,B6833,S198,17:25,18:55,4
E1816,B7609,S198,12:21,13:51,2
E1819,B8930,S198,11:37,13:07,3
E1825,B1975,S201,14:09,15:39,1
E1828,B2546,S201,17:55,19:25,1
E1831,B0291,S201,14:55,16:25,1
E1837,B0430,S201,12:36,14:06,3
E1840,B4952,S201,12:04,13:34,1
E1843,B4952,S201,12:46,14:16,7
E1846,B4952,S201,13:41,15:11,1
E1849,B4952,S201,14:32,16:02,7
E1852,B4952,S201,18:22,19:52,5
E1855,B5945,S201,11:30,13:00,2
E1861,B0767,S201,12:03,13:33,4
E1864,B7836,S201,11:33,13:03,3
E1867,B0767,S202,11:47,13:17,11
E1870,B4036,S203,17:56,19:26,2
E1873,B7948,S203,16:28,17:58,1
E1876,B7948,S203,18:21,19:51,2
E1879,B1283,S204,16:01,17:31,2
E1882,B6838,S205,18:00,19:30,4
E1885,B5222,S206,18:12,19:42,4
E1888,B1512,S208,13:38,15:08,11
E1891,B2597,S208,17:54,19:24,17
E1894,B0397,S208,11:32,13:02,15
E1900,B7398,S208,14:50,16:20,9
E1903,B0745,S208,15:11,16:41,18
E1906,B8215,S208,12:28,13:58,14
E1909,B5958,S209,18:26,19:56,17
E1912,B5370,S210,15:07,16:37,2
E1921,B0291,S211,11:34,13:04,1
E1924,B0359,S211,11:48,13:18,1
E1927,B0359,S211,17:24,18:54,1
E1930,B3888,S211,15:22,16:52,2
E1933,B6074,S211,12:09,13:39,2
E1936,B6976,S211,11:47,13:17,1
E1939,B0155,S212,17:14,18:44,1
E1942,B3228,S212,14:38,16:08,2
E1945,B4181,S212,15:15,16:45,1
E1948,B1512,S213,12:26,13:56,1
E1954,B4246,S213,18:02,19:32,1
E1957,B6772,S213,12:05,13:35,2
E1960,B8553,S213,15:49,17:19,1
E1963,B0767,S214,12:39,14:09,2
E1966,B7948,S215,13:52,15:22,3
E1969,B8953,S215,17:05,18:35,1
E1972,B0111,S218,12:12,13:42,1
E1975,B1402,S218,13:39,15:09,3
E1978,B1876,S218,14:19,15:49,6
E1981,B3661,S218,12:05,13:35,1
E1984,B0505,S218,12:18,13:48,2
E1987,B8553,S218,17:02,18:32,3
E1990,B1795,S221,12:01,13:31,1
E1993,B3330,S221,14:54,16:24,2
E1996,B5756,S221,15:44,17:14,2
E1999,B6772,S221,12:26,13:56,1
E2002,B2654,S223,18:07,19:37,4
E2008,B2487,S224,11:58,13:28,1
E2011,B2836,S224,11:55,13:25,1
E2014,B0359,S224,11:49,13:19,2
E2017,B4364,S224,11:54,13:24,1
E2020,B6540,S224,12:16,13:46,1
E2023,B9097,S224,17:20,18:50,1
E2026,B1059,S226,11:35,13:05,11
E2029,B4022,S226,12:28,13:58,14
E2032,B4165,S226,11:35,13:05,13
E2035,B2487,S227,12:23,13:53,2
E2041,B5449,S229,17:14,18:44,2
E2047,B5945,S232,13:21,14:51,2
E2050,B1795,S234,11:58,13:28,1
E2053,B0849,S234,13:51,15:21,2
E2056,B5994,S235,11:49,13:19,3
E2059,B4344,S236,11:32,13:02,1
E2062,B1248,S237,13:52,15:22,1
E2068,B5365,S237,12:00,13:30,4
E2071,B1336,S238,12:19,13:49,2
E2074,B1603,S239,11:45,13:15,18
E2077,B4036,S239,12:34,14:04,12
E2080,B7948,S239,15:16,16:46,2
E2089,B8907,S241,11:31,13:01,2
E2092,B4186,S243,12:16,13:46,4
E2095,B8203,S243,17:29,18:59,3
E2098,B3672,S244,12:42,14:12,1
E2107,B3330,S247,11:52,13:22,2
E2110,B5488,S247,13:29,14:59,2
E2113,B8602,S247,11:55,13:25,2
E2116,B0031,S248,11:32,13:02,2
E2119,B4640,S248,13:15,14:45,3
E2122,B6647,S248,12:36,14:06,3
E2125,B7678,S248,15:42,17:12,2
E2128,B4390,S250,16:03,17:33,1
E2131,B0291,S252,12:02,13:32,1
E2134,B7990,S252,11:51,13:21,1
E2137,B3796,S253,17:40,19:10,1
E2140,B0149,S254,14:21,15:51,4
E2143,B0128,S256,17:32,19:02,9
E2149,B2232,S259,12:42,14:12,1
E2152,B4036,S259,12:44,14:14,1
E2155,B4036,S259,17:45,19:15,1
E2158,B0454,S259,13:34,15:04,1
E2161,B0552,S259,12:11,13:41,1
E2164,B7948,S259,11:53,13:23,3
E2167,B7948,S259,12:45,14:15,1
E2170,B7948,S259,17:45,19:15,2
E2176,B2232,S260,12:02,13:32,1
E2179,B3186,S260,12:35,14:05,1
E2182,B3960,S260,11:48,13:18,1
E2185,B4036,S260,11:34,13:04,1
E2188,B4036,S260,13:28,14:58,2
E2191,B4036,S260,15:51,17:21,1
E2194,B4036,S260,18:07,19:37,2
E2197,B5488,S260,12:53,14:23,1
E2200,B0552,S260,12:51,14:21,1
E2203,B7948,S260,11:45,13:15,3
E2206,B7948,S260,12:24,13:54,5
E2209,B7948,S260,13:29,14:59,1
E2212,B7948,S260,14:27,15:57,1
E2215,B7948,S260,17:23,18:53,2
E2218,B7948,S260,18:12,19:42,2
E2224,B2232,S262,18:14,19:44,1
E2227,B3186,S262,17:06,18:36,1
E2230,B3558,S262,12:14,13:44,1
E2233,B4036,S262,12:08,13:38,2
E2236,B0454,S262,11:46,13:16,1
E2239,B0454,S262,18:21,19:51,1
E2245,B7121,S262,17:21,18:51,7
E2248,B7948,S262,11:47,13:17,2
E2251,B7948,S262,12:57,14:27,1
E2254,B7948,S262,14:05,15:35,1
E2257,B7948,S262,17:04,18:34,1
E2260,B7948,S262,17:57,19:27,10
E2263,B6216,S263,17:46,19:16,1
E2266,B0454,S264,16:44,18:14,1
E2269,B0291,S265,18:13,19:43,1
E2272,B7948,S265,18:26,19:56,13
E2278,B2232,S266,11:48,13:18,3
E2281,B4036,S266,13:02,14:32,1
E2284,B4036,S266,17:18,18:48,2
E2290,B0454,S266,13:44,15:14,2
E2296,B0552,S266,12:30,14:00,2
E2299,B6096,S266,17:58,19:28,2
E2302,B7948,S266,11:46,13:16,2
E2305,B7948,S266,12:34,14:04,2
E2308,B7948,S266,13:22,14:52,3
E2311,B7948,S266,14:21,15:51,2
E2320,B5821,S268,16:26,17:56,1
E2326,B2487,S269,11:30,13:00,1
E2332,B2148,S271,15:08,16:38,2
E2335,B1336,S272,12:41,14:11,6
E2338,B1688,S272,12:57,14:27,2
E2341,B2336,S273,12:36,14:06,1
E2347,B1897,S275,13:20,14:50,2
E2350,B9159,S275,18:16,19:46,1
E2353,B8701,S276,17:41,19:11,2
E2359,B8232,S278,16:45,18:15,2
E2362,B8679,S280,13:24,14:54,1
E2365,B2789,S282,12:37,14:07,11
E2368,B0411,S282,17:49,19:19,5
E2371,B6039,S282,13:17,14:47,3
E2374,B7445,S282,17:39,19:09,1
E2377,B1897,S283,11:40,13:10,2
E2380,B9159,S283,14:12,15:42,2
E2383,B0993,S285,12:11,13:41,1
E2386,B2232,S286,18:08,19:38,15
E2395,B0552,S286,12:01,13:31,10
E2398,B6216,S286,12:09,13:39,8
E2404,B0862,S288,13:46,15:16,2
E2410,B9159,S291,17:10,18:40,4
E2416,B1972,S294,12:27,13:57,2
E2419,B1972,S294,17:17,18:47,2
E2422,B4868,S294,12:57,14:27,1
E2425,B6485,S294,12:38,14:08,2
E2431,B5222,S295,17:05,18:35,1
E2434,B8708,S295,11:53,13:23,1
E2437,B3832,S296,14:43,16:13,2
E2440,B6815,S296,12:24,13:54,1
E2443,B1840,S297,17:27,18:57,2
E2446,B0219,S299,12:46,14:16,2
E2449,B3459,S300,12:58,14:28,3
E2452,B9160,S301,14:29,15:59,1
E2461,B1740,S305,17:15,18:45,3
E2467,B3743,S306,12:04,13:34,2
E2479,B0476,S311,12:39,14:09,1
E2482,B0420,S312,15:23,16:53,2
E2491,B4722,S316,12:13,13:43,1
E2494,B4868,S316,12:50,14:20,2
E2500,B6815,S316,11:45,13:15,3
E2503,B6815,S316,13:04,14:34,1
E2506,B8057,S316,17:31,19:01,3
E2509,B7084,S317,11:34,13:04,2
E2515,B0442,S319,12:07,13:37,1
E2518,B5165,S319,15:22,16:52,2
E2521,B9115,S319,18:00,19:30,2
E2524,B1142,S322,15:50,17:20,8
E2527,B1527,S322,13:17,14:47,18
E2530,B2114,S322,12:29,13:59,11
E2533,B3051,S322,11:57,13:27,12
E2536,B7002,S322,18:18,19:48,17
E2539,B8926,S322,11:43,13:13,8
E2542,B5038,S323,12:39,14:09,7
E2545,B8810,S323,17:13,18:43,6
E2548,B1749,S324,18:01,19:31,6
E2551,B6468,S325,13:17,14:47,2
E2557,B6864,S326,11:47,13:17,1
E2560,B9203,S326,12:11,13:41,1
E2563,B4381,S328,16:58,18:28,23
E2566,B0437,S329,12:16,13:46,1
E2569,B4234,S330,17:36,19:06,2
E2572,B1553,S331,17:30,19:00,1
E2575,B2032,S331,17:02,18:32,2
E2578,B3960,S331,16:45,18:15,1
E2581,B0869,S331,18:17,19:47,1
E2584,B6361,S332,17:50,19:20,2
E2590,B2074,S334,16:10,17:40,2
E2596,B3801,S334,14:43,16:13,2
E2599,B3807,S334,15:52,17:22,6
E2602,B4737,S334,12:08,13:38,1
E2605,B4873,S334,13:41,15:11,2
E2611,B6540,S334,15:02,16:32,2
E2614,B7250,S334,13:48,15:18,1
E2617,B7250,S334,15:15,16:45,3
E2620,B7250,S334,18:14,19:44,2
E2623,B0810,S334,15:12,16:42,2
E2626,B8400,S334,14:07,15:37,2
E2629,B8714,S334,12:22,13:52,1
E2632,B8714,S334,17:14,18:44,3
E2635,B2955,S335,12:26,13:56,2
E2638,B3215,S335,12:43,14:13,2
E2641,B5860,S335,17:34,19:04,4
E2644,B7554,S335,12:26,13:56,3
E2647,B7600,S335,12:40,14:10,3
E2650,B7600,S335,18:26,19:56,3
E2653,B7707,S335,16:56,18:26,5
E2659,B5825,S336,11:32,13:02,2
E2662,B9186,S336,11:41,13:11,1
E2665,B1510,S337,12:13,13:43,1
E2668,B5178,S337,12:57,14:27,1
E2674,B2416,S338,12:32,14:02,2
E2680,B4722,S338,12:16,13:46,1
E2683,B5404,S338,13:49,15:19,2
E2689,B6540,S338,15:15,16:45,2
E2695,B0798,S338,12:43,14:13,1
E2698,B0798,S338,13:32,15:02,1
E2701,B0798,S338,17:26,18:56,1
E2704,B4054,S340,17:52,19:22,1
E2707,B6468,S341,14:32,16:02,1
E2710,B8333,S342,12:05,13:35,2
E2716,B5758,S343,11:56,13:26,1
E2719,B1230,S344,13:36,15:06,3
E2725,B3413,S344,14:29,15:59,1
E2728,B4815,S344,12:18,13:48,2
E2731,B0911,S344,12:59,14:29,3
E2734,B3413,S345,11:55,13:25,8
E2737,B8779,S345,18:03,19:33,10
E2740,B5520,S346,11:39,13:09,1
E2743,B0911,S346,11:45,13:15,1
E2746,B2032,S348,12:32,14:02,2
E2749,B0330,S348,15:21,16:51,1
E2755,B2997,S352,11:45,13:15,2
E2758,B4531,S352,14:15,15:45,1
E2761,B0586,S352,14:09,15:39,1
E2764,B6864,S352,12:57,14:27,2
E2767,B3401,S354,12:42,14:12,2
E2773,B5691,S358,15:05,16:35,3
E2776,B5560,S359,11:59,13:29,2
E2782,B9025,S359,15:59,17:29,2
E2785,B9179,S359,17:45,19:15,3
E2791,B4111,S361,12:39,14:09,1
E2794,B8569,S361,12:48,14:18,2
E2797,B9186,S362,12:00,13:30,3
E2800,B6119,S363,15:39,17:09,2
E2809,B5308,S366,13:06,14:36,1
E2812,B8948,S366,12:24,13:54,1
E2815,B0423,S367,12:15,13:45,1
E2818,B8535,S367,11:59,13:29,1
E2821,B6086,S368,12:11,13:41,1
E2824,B1095,S371,11:57,13:27,1
E2827,B7714,S371,12:11,13:41,1
E2830,B1924,S373,12:57,14:27,1
E2836,B3260,S374,12:51,14:21,3
E2842,B0560,S374,13:12,14:42,2
E2845,B5907,S374,12:10,13:40,2
E2851,B8560,S374,16:19,17:49,2
E2854,B8584,S374,17:46,19:16,2
E2857,B1713,S375,12:28,13:58,2
E2863,B4580,S376,11:32,13:02,2
E2866,B1415,S377,12:36,14:06,2
E2869,B4485,S377,12:46,14:16,2
E2872,B5488,S377,12:53,14:23,2
E2875,B7613,S377,12:36,14:06,2
E2878,B7768,S379,16:36,18:06,1
E2881,B0560,S380,14:40,16:10,2
E2887,B0805,S381,16:45,18:15,1
E2890,B5702,S382,13:05,14:35,3
E2893,B1530,S383,17:42,19:12,3
E2896,B0291,S383,14:03,15:33,2
E2899,B5444,S383,12:41,14:11,1
E2905,B8475,S383,17:46,19:16,3
E2908,B4480,S385,12:24,13:54,1
E2911,B5907,S385,11:58,13:28,1
E2914,B5252,S386,12:18,13:48,2
E2917,B3978,S387,13:05,14:35,2
E2920,B0008,S387,17:45,19:15,2
E2923,B2926,S389,17:31,19:01,2
E2926,B7888,S392,14:14,15:44,1
E2929,B2670,S394,12:07,13:37,2
E2932,B3644,S395,16:57,18:27,12
E2935,B5474,S395,16:00,17:30,10
E2938,B7377,S395,17:59,19:29,9
E2941,B1179,S397,11:45,13:15,2
E2944,B8075,S397,16:44,18:14,1
E2947,B1134,S399,16:31,18:01,2
E2953,B3782,S401,17:11,18:41,1
E2956,B4356,S401,11:34,13:04,1
E2962,B4983,S402,12:44,14:14,1
E2965,B4789,S403,17:16,18:46,2
E2968,B6445,S406,17:49,19:19,1
E2971,B5457,S408,11:35,13:05,11
E2974,B9177,S408,12:22,13:52,4
E2977,B6506,S409,12:13,13:43,3
E2980,B0147,S412,11:48,13:18,4
E2983,B2783,S412,16:20,17:50,3
E2986,B3616,S412,13:01,14:31,3
E2989,B8077,S412,13:02,14:32,1
E2992,B5168,S413,13:13,14:43,3
E2995,B0597,S413,11:40,13:10,3
E2998,B6994,S413,12:51,14:21,2
E3001,B1456,S414,17:39,19:09,1
E3004,B2873,S414,16:03,17:33,3
E3007,B3644,S414,13:01,14:31,1
E3010,B5474,S414,13:00,14:30,1
E3013,B5581,S414,18:23,19:53,1
E3016,B7096,S414,12:05,13:35,1
E3019,B7768,S414,17:50,19:20,4
E3022,B2276,S415,12:27,13:57,1
E3025,B2984,S415,17:13,18:43,2
E3028,B4038,S415,15:31,17:01,2
E3031,B5965,S415,17:02,18:32,1
E3034,B6776,S415,17:55,19:25,3
E3037,B7353,S415,11:43,13:13,2
E3040,B3949,S416,11:44,13:14,4
E3043,B1987,S417,12:39,14:09,1
E3046,B2232,S418,17:51,19:21,3
E3049,B0552,S418,16:07,17:37,2
E3052,B7768,S418,12:59,14:29,5
E3058,B3644,S419,13:18,14:48,3
E3061,B5018,S419,18:12,19:42,1
E3064,B5581,S419,15:53,17:23,2
E3067,B6454,S419,17:44,19:14,4
E3070,B8075,S419,16:51,18:21,1
E3073,B1784,S420,11:42,13:12,2
E3076,B3616,S420,11:39,13:09,1
E3079,B1442,S421,12:53,14:23,1
E3082,B1456,S421,16:53,18:23,10
E3085,B2276,S421,13:01,14:31,1
E3088,B3644,S421,11:33,13:03,12
E3091,B4356,S421,14:04,15:34,1
E3094,B5226,S421,16:46,18:16,1
E3097,B5474,S421,12:37,14:07,1
E3100,B5474,S421,17:59,19:29,1
E3106,B7096,S421,16:35,18:05,14
E3109,B7377,S421,12:36,14:06,14
E3112,B7768,S421,12:15,13:45,3
E3115,B2204,S423,12:54,14:24,1
E3118,B2204,S424,11:43,13:13,2
E3121,B8215,S425,12:34,14:04,1
E3124,B2232,S426,18:14,19:44,1
E3127,B2069,S427,12:14,13:44,4
E3130,B7001,S427,11:50,13:20,1
E3133,B1442,S428,12:33,14:03,2
E3136,B1442,S428,14:36,16:06,1
E3145,B2276,S428,13:10,14:40,2
E3148,B2276,S428,14:05,15:35,6
E3151,B2276,S428,17:44,19:14,1
E3154,B2637,S428,16:51,18:21,1
E3157,B3037,S428,17:57,19:27,2
E3160,B3708,S428,13:06,14:36,2
E3163,B3852,S428,18:03,19:33,3
E3166,B5474,S428,11:32,13:02,1
E3169,B5474,S428,12:33,14:03,6
E3172,B5474,S428,13:28,14:58,1
E3175,B5474,S428,17:58,19:28,10
E3178,B5581,S428,13:18,14:48,2
E3181,B6490,S428,11:49,13:19,2
E3190,B7252,S428,17:24,18:54,1
E3193,B8410,S428,15:51,17:21,2
E3196,B0930,S429,15:13,16:43,12
E3199,B4240,S430,13:30,15:00,3
E3202,B4356,S431,12:07,13:37,2
E3205,B3623,S433,12:31,14:01,2
E3208,B2232,S435,17:23,18:53,2
E3211,B7380,S435,12:27,13:57,1
E3214,B2637,S436,11:46,13:16,2
E3217,B3852,S436,18:11,19:41,4
E3220,B3782,S437,18:27,19:57,5
E3223,B1899,S439,17:27,18:57,1
E3226,B3852,S441,16:04,17:34,6
E3229,B1103,S442,14:53,16:23,1
E3235,B6445,S443,12:00,13:30,1
E3241,B1245,S445,17:23,18:53,1
E3244,B2936,S445,11:48,13:18,2
E3247,B3861,S445,15:12,16:42,4
E3250,B6105,S445,14:23,15:53,1
E3253,B7388,S445,17:55,19:25,5
E3256,B0994,S445,14:43,16:13,2
E3259,B5284,S446,14:31,16:01,3
E3262,B2022,S447,18:13,19:43,3
E3265,B6981,S447,16:07,17:37,5
E3268,B5240,S448,16:46,18:16,1
E3271,B6083,S448,15:18,16:48,2
E3274,B6665,S448,17:21,18:51,4
E3280,B8742,S449,17:40,19:10,3
E3283,B1186,S451,17:09,18:39,1
E3286,B5775,S451,17:38,19:08,1
E3289,B4078,S453,12:06,13:36,1
E3298,B6407,S455,12:07,13:37,2
E3301,B8114,S455,18:09,19:39,2
E3304,B1735,S456,12:43,14:13,2
E3307,B2464,S457,17:21,18:51,1
E3310,B5775,S458,16:35,18:05,2
E3313,B3995,S460,11:54,13:24,1
E3316,B5095,S461,12:54,14:24,1
E3319,B1186,S463,17:42,19:12,2
E3322,B2248,S463,11:57,13:27,2
E3328,B3745,S463,12:18,13:48,3
E3331,B0427,S463,12:06,13:36,5
E3334,B5775,S463,14:46,16:16,3
E3337,B6195,S463,14:06,15:36,1
E3340,B6665,S463,12:58,14:28,1
E3343,B7579,S463,12:05,13:35,4
E3346,B7579,S463,13:17,14:47,1
E3349,B7973,S463,12:53,14:23,2
E3352,B8686,S463,17:19,18:49,4
E3355,B0930,S463,13:00,14:30,2
E3361,B3995,S464,15:35,17:05,1
E3364,B5775,S464,12:10,13:40,2
E3370,B3745,S466,16:13,17:43,2
E3373,B6817,S467,12:20,13:50,3
E3376,B4831,S468,11:53,13:23,3
E3382,B1450,S471,11:51,13:21,1
E3385,B3535,S472,13:23,14:53,2
E3388,B8363,S472,13:54,15:24,3
E3394,B7071,S473,16:56,18:26,1
E3397,B8742,S474,15:13,16:43,2
E3403,B0200,S476,16:39,18:09,2
E3406,B0497,S476,17:46,19:16,2
E3409,B6195,S476,11:38,13:08,2
E3415,B7768,S476,13:14,14:44,1
E3421,B4728,S477,12:44,14:14,4
E3424,B2393,S478,11:46,13:16,1
E3427,B5489,S478,13:56,15:26,1
E3430,B2095,S479,15:54,17:24,1
E3433,B0046,S479,17:58,19:28,1
E3442,B6603,S480,17:49,19:19,1
E3448,B4667,S481,13:32,15:02,2
E3451,B5240,S482,16:46,18:16,1
E3454,B3089,S483,15:00,16:30,12
E3457,B3965,S483,13:13,14:43,16
E3460,B6600,S483,11:44,13:14,12
E3463,B1222,S484,11:36,13:06,2
E3466,B2085,S484,11:34,13:04,3
E3469,B4847,S484,12:49,14:19,3
E3472,B3804,S485,18:28,19:58,2
E3475,B4093,S486,14:14,15:44,1
E3478,B6600,S486,17:02,18:32,2
E3481,B7306,S488,17:37,19:07,1
E3484,B7443,S488,16:54,18:24,1
E3487,B1450,S489,18:29,19:59,3
E3490,B3745,S489,13:17,14:47,7
E3493,B3745,S489,16:00,17:30,6
E3496,B4078,S489,13:28,14:58,3
E3505,B7579,S489,11:50,13:20,2
E3508,B8114,S489,11:54,13:24,2
E3511,B2844,S490,13:26,14:56,5
E3514,B2965,S491,14:53,16:23,3
E3517,B0833,S491,11:51,13:21,3
E3526,B8291,S492,13:10,14:40,2
E3532,B6679,S493,11:36,13:06,1
E3535,B2631,S494,12:02,13:32,1
E3538,B0497,S494,12:20,13:50,1
E3541,B5968,S494,11:50,13:20,1
E3544,B6497,S494,11:50,13:20,1
E3547,B7533,S494,12:36,14:06,1
E3550,B8742,S494,14:13,15:43,1
E3553,B1416,S495,12:14,13:44,1
E3559,B4320,S495,14:38,16:08,1
E3562,B7533,S495,12:05,13:35,3
E3565,B0833,S495,12:20,13:50,4
E3568,B8741,S496,15:05,16:35,3
E3574,B7064,S498,16:22,17:52,2
E3577,B6691,S500,12:16,13:46,2
E3583,B3782,S503,12:02,13:32,2
E3586,B7252,S503,12:05,13:35,1
E3589,B4026,S505,12:05,13:35,3
E3592,B1774,S506,12:12,13:42,1
E3595,B4556,S507,16:29,17:59,2
E3598,B7781,S508,12:40,14:10,1
E3607,B6812,S511,13:42,15:12,23
E3613,B1753,S514,17:48,19:18,2
E3616,B6691,S514,18:06,19:36,2
E3628,B3722,S515,13:51,15:21,2
E3631,B0513,S515,16:20,17:50,4
E3634,B5520,S515,13:02,14:32,4
E3637,B6179,S515,15:39,17:09,2
E3640,B6179,S515,18:27,19:57,2
E3646,B6691,S515,18:21,19:51,3
E3649,B4106,S517,17:35,19:05,11
E3664,B1774,S518,16:48,18:18,1
E3667,B4106,S518,11:38,13:08,2
E3670,B4106,S518,13:05,14:35,2
E3673,B0513,S518,13:50,15:20,1
E3676,B5520,S518,17:25,18:55,2
E3679,B6462,S518,12:05,13:35,2
E3682,B6691,S518,12:10,13:40,2
E3688,B4106,S519,14:51,16:21,1
E3691,B6179,S519,11:47,13:17,1
E3709,B1774,S521,14:38,16:08,1
E3718,B4106,S521,11:43,13:13,1
E3724,B0513,S521,16:47,18:17,1
E3730,B6179,S521,11:36,13:06,1
E3733,B6179,S521,12:37,14:07,1
E3736,B6179,S521,14:11,15:41,1
E3739,B6179,S521,17:58,19:28,4
E3748,B7768,S521,12:29,13:59,1
E3751,B1379,S522,12:13,13:43,4
E3754,B4978,S522,11:58,13:28,2
E3757,B6683,S522,12:57,14:27,3
E3760,B7735,S522,12:55,14:25,3
E3766,B1774,S524,15:48,17:18,3
E3775,B6179,S524,12:27,13:57,4
E3778,B6179,S524,17:25,18:55,5
E3787,B0614,S525,13:39,15:09,2
E3793,B3187,S527,13:28,14:58,2
E3796,B9211,S528,13:03,14:33,2
E3799,B2097,S530,15:35,17:05,1
E3802,B4781,S531,12:12,13:42,3
E3805,B2777,S532,12:10,13:40,2
E3808,B3227,S532,13:11,14:41,5
E3811,B3227,S532,18:27,19:57,3
E3814,B3789,S532,13:36,15:06,5
E3817,B3789,S532,17:59,19:29,2
E3820,B5643,S532,11:36,13:06,2
E3823,B6022,S533,12:05,13:35,4
E3829,B9016,S533,11:33,13:03,4
E3832,B2501,S535,13:42,15:12,1
E3835,B5262,S537,16:51,18:21,1
E3838,B0136,S539,12:50,14:20,1
E3841,B8695,S539,12:45,14:15,4
E3844,B8695,S539,16:17,17:47,1
E3847,B0855,S540,14:16,15:46,1
E3850,B3909,S541,11:35,13:05,2
E3853,B2689,S544,12:19,13:49,1
E3856,B0608,S544,11:49,13:19,1
E3859,B7768,S545,13:33,15:03,1
E3862,B3227,S546,14:37,16:07,3
E3865,B7020,S546,17:58,19:28,2
E3868,B0632,S548,12:39,14:09,1
E3871,B0632,S549,17:49,19:19,1
E3877,B0390,S551,11:55,13:25,2
E3880,B0632,S551,17:52,19:22,2
E3883,B3074,S552,18:11,19:41,2
E3886,B7340,S552,12:09,13:39,2
E3889,B8585,S553,17:52,19:22,1
E3892,B5242,S555,13:03,14:33,1
E3901,B1658,S557,12:41,14:11,2
E3904,B1865,S557,11:33,13:03,1
E3907,B2689,S557,11:41,13:11,1
E3910,B4620,S557,12:20,13:50,1
E3913,B5242,S557,12:19,13:49,2
E3916,B5524,S557,14:12,15:42,2
E3919,B6235,S557,11:59,13:29,3
E3922,B7489,S557,11:30,13:00,1
E3925,B5242,S558,12:17,13:47,3
E3928,B7070,S558,18:06,19:36,5
E3931,B7900,S558,18:00,19:30,1
E3937,B0086,S560,12:29,13:59,2
E3940,B1158,S562,15:57,17:27,1
E3946,B6389,S565,13:15,14:45,3
E3949,B0840,S566,11:44,13:14,2
E3952,B2350,S567,13:38,15:08,1
E3958,B3516,S569,18:25,19:55,2
E3961,B2350,S570,12:27,13:57,2
E3967,B1180,S571,11:41,13:11,3
E3970,B5242,S572,12:44,14:14,1
E3973,B5242,S572,18:23,19:53,2
E3976,B6235,S572,17:20,18:50,1
E3979,B7900,S572,17:05,18:35,1
E3985,B2269,S573,18:03,19:33,2
E3988,B2664,S573,12:09,13:39,2
E3991,B3729,S573,18:13,19:43,2
E3994,B0390,S573,12:06,13:36,2
E3997,B4998,S573,12:09,13:39,2
E4000,B5744,S573,11:30,13:00,2
E4006,B7596,S573,11:33,13:03,2
E4009,B7596,S573,14:55,16:25,1
E4012,B7900,S573,13:33,15:03,1
E4015,B8165,S573,11:34,13:04,1
E4021,B1865,S574,11:44,13:14,1
E4024,B1865,S574,12:42,14:12,3
E4027,B0233,S574,11:40,13:10,2
E4030,B2951,S574,12:24,13:54,2
E4033,B0373,S574,12:30,14:00,2
E4036,B4620,S574,12:03,13:33,3
E4039,B5241,S574,13:03,14:33,2
E4042,B0581,S574,17:46,19:16,4
E4045,B6372,S574,17:58,19:28,2
E4048,B6778,S574,11:40,13:10,3
E4051,B9018,S574,13:16,14:46,2
E4054,B7926,S575,15:05,16:35,1
E4066,B6430,S577,12:31,14:01,2
E4072,B2951,S579,11:38,13:08,2
E4075,B3135,S579,11:57,13:27,6
E4078,B5276,S579,13:14,14:44,2
E4087,B0373,S580,13:14,14:44,2
E4090,B4128,S580,12:07,13:37,4
E4093,B0581,S580,12:04,13:34,2
E4096,B6456,S580,11:34,13:04,3
E4099,B5219,S581,17:27,18:57,1
E4102,B3126,S583,13:53,15:23,1
E4105,B2269,S584,13:03,14:33,2
E4108,B8022,S584,18:29,19:59,3
E4111,B3787,S586,12:44,14:14,3
E4114,B5571,S586,18:13,19:43,3
E4117,B0995,S586,13:07,14:37,2
E4120,B3823,S587,11:39,13:09,1
E4123,B0581,S587,17:18,18:48,2
E4126,B4176,S589,14:44,16:14,4
E4129,B0995,S589,18:27,19:57,4
E4132,B4176,S590,11:43,13:13,1
E4135,B5571,S590,12:06,13:36,1
E4138,B7926,S590,13:29,14:59,1
E4141,B2269,S592,12:54,14:24,3
E4144,B0373,S592,17:45,19:15,3
E4147,B6062,S592,13:02,14:32,1
E4150,B3765,S593,13:42,15:12,2
E4153,B3275,S594,18:14,19:44,1
E4156,B4176,S594,15:19,16:49,3
E4159,B8388,S594,17:04,18:34,2
E4162,B3275,S595,15:49,17:19,1
E4165,B9018,S595,18:15,19:45,3
E4168,B3844,S596,11:31,13:01,13
E4171,B1399,S597,11:45,13:15,1
E4174,B1468,S597,13:14,14:44,1
E4177,B2415,S597,15:13,16:43,2
E4180,B3354,S597,12:38,14:08,2
E4186,B4409,S597,14:13,15:43,2
E4189,B4409,S597,18:24,19:54,2
E4192,B6520,S597,12:16,13:46,3
E4195,B9188,S597,17:43,19:13,2
E4198,B0996,S598,16:52,18:22,3
E4201,B4409,S599,17:14,18:44,1
E4204,B6884,S599,17:37,19:07,2
E4207,B1468,S600,18:02,19:32,3
E4213,B2415,S600,18:29,19:59,1
E4216,B2521,S600,15:24,16:54,2
E4219,B2706,S600,12:48,14:18,2
E4222,B4216,S600,11:31,13:01,5
E4231,B4409,S600,16:43,18:13,1
E4234,B6884,S600,12:08,13:38,1
E4237,B6884,S600,14:29,15:59,2
E4240,B0824,S600,11:33,13:03,7
E4246,B5966,S601,17:57,19:27,1
E4249,B3354,S602,12:25,13:55,3
E4255,B2814,S603,11:48,13:18,2
E4258,B4409,S603,12:35,14:05,1
E4261,B6884,S603,11:30,13:00,1
E4264,B6884,S603,17:53,19:23,1
E4267,B1468,S604,16:01,17:31,1
E4273,B1468,S605,16:57,18:27,14
E4276,B1468,S605,18:22,19:52,1
E4279,B2521,S605,13:57,15:27,14
E4282,B2521,S605,17:27,18:57,23
E4285,B2521,S605,18:14,19:44,23
E4288,B3354,S605,11:44,13:14,10
E4303,B4742,S605,16:05,17:35,14
E4306,B6884,S605,13:08,14:38,20
E4309,B7906,S606,14:24,15:54,1
E4312,B9188,S607,16:26,17:56,1
E4315,B0315,S608,17:54,19:24,2
E4321,B3923,S609,13:10,14:40,5
E4324,B0007,S609,12:30,14:00,5
E4330,B2794,S611,13:50,15:20,1
E4333,B3644,S611,17:20,18:50,1
E4336,B3652,S611,15:14,16:44,1
E4339,B7238,S611,11:45,13:15,1
E4345,B3158,S612,16:17,17:47,3
E4348,B3253,S612,17:35,19:05,2
E4354,B7324,S612,17:43,19:13,1
E4357,B8964,S612,12:15,13:45,2
E4360,B8964,S612,12:46,14:16,2
E4363,B2451,S613,17:46,19:16,1
E4366,B2794,S613,17:16,18:46,1
E4369,B3253,S613,16:55,18:25,1
E4372,B3644,S613,14:06,15:36,2
E4375,B3644,S613,17:10,18:40,2
E4378,B4435,S613,13:08,14:38,1
E4381,B7694,S613,11:47,13:17,2
E4387,B3253,S614,14:51,16:21,2
E4390,B3644,S614,11:36,13:06,5
E4393,B3644,S614,17:59,19:29,3
E4399,B7694,S614,18:15,19:45,1
E4405,B2794,S615,12:17,13:47,1
E4408,B3644,S615,12:25,13:55,1
E4411,B3644,S615,17:27,18:57,1
E4414,B7238,S616,11:48,13:18,3
E4417,B2451,S617,12:08,13:38,4
E4420,B2451,S617,16:28,17:58,5
E4426,B3644,S617,12:06,13:36,14
E4429,B3644,S617,17:08,18:38,8
E4432,B3644,S617,18:12,19:42,17
E4435,B3923,S617,16:31,18:01,1
E4438,B7694,S617,18:09,19:39,9
E4444,B3253,S618,12:16,13:46,2
E4447,B3644,S618,12:05,13:35,1
E4450,B4435,S618,11:50,13:20,1
E4459,B2451,S619,13:03,14:33,1
E4462,B2794,S619,16:51,18:21,2
E4468,B3644,S619,11:40,13:10,4
E4471,B3644,S619,12:58,14:28,4
E4474,B2451,S620,14:48,16:18,1
E4477,B1095,S621,12:07,13:37,1
E4486,B2451,S621,14:22,15:52,1
E4489,B2451,S621,18:28,19:58,1
E4492,B3253,S621,11:36,13:06,1
E4495,B3644,S621,17:43,19:13,1
E4498,B4435,S621,11:50,13:20,1
E4501,B4435,S621,18:29,19:59,2
E4504,B0634,S621,12:58,14:28,1
E4507,B7694,S621,18:20,19:50,2
E4510,B2451,S622,17:18,18:48,1
E4513,B3644,S622,12:02,13:32,1
E4516,B3923,S622,11:41,13:11,2
E4519,B7694,S623,18:00,19:30,1
E4522,B2794,S624,17:29,18:59,1
E4528,B3644,S625,12:36,14:06,1
E4531,B2794,S626,18:22,19:52,1
E4534,B3644,S626,15:51,17:21,2
E4540,B2451,S627,17:50,19:20,2
E4543,B2794,S627,17:59,19:29,1
E4546,B3644,S627,11:34,13:04,3
E4549,B3644,S627,18:06,19:36,2
E4558,B3253,S628,18:11,19:41,2
E4570,B2451,S629,17:12,18:42,2
E4573,B2794,S629,14:01,15:31,1
E4576,B3253,S629,16:39,18:09,3
E4579,B3644,S629,11:38,13:08,1
E4582,B3644,S629,12:34,14:04,1
E4585,B3644,S629,17:29,18:59,1
E4588,B3644,S629,18:25,19:55,2
E4594,B4435,S629,17:41,19:11,1
E4600,B1095,S630,17:42,19:12,1
E4609,B2451,S630,15:01,16:31,1
E4612,B2794,S630,17:46,19:16,1
E4615,B3253,S630,17:35,19:05,1
E4618,B3644,S630,12:41,14:11,1
E4621,B3644,S630,17:44,19:14,2
E4627,B4435,S630,14:39,16:09,2
E4633,B0841,S630,14:14,15:44,1
E4636,B1095,S631,16:46,18:16,8
E4639,B2451,S631,16:22,17:52,11
E4642,B2794,S631,17:57,19:27,8
E4645,B3644,S631,18:09,19:39,11
E4651,B4435,S632,15:39,17:09,3
E4654,B1782,S633,16:49,18:19,10
E4657,B3644,S633,15:59,17:29,3
E4666,B4951,S634,11:34,13:04,3
E4669,B4951,S634,12:53,14:23,2
E4672,B4994,S634,13:37,15:07,1
E4675,B6100,S634,17:16,18:46,4
E4678,B6148,S634,13:32,15:02,1
E4681,B6358,S634,14:05,15:35,1
E4699,B4994,S635,17:00,18:30,2
E4702,B6148,S635,15:34,17:04,1
E4708,B4951,S636,11:45,13:15,2
E4711,B9205,S636,16:33,18:03,1
E4726,B0561,S639,17:15,18:45,2
E4789,B0561,S643,12:16,13:46,1
E4792,B6714,S643,12:10,13:40,1
E4822,B3545,S649,15:23,16:53,1
E0003,B3341,S001,15:37,17:07,1
E0006,B3341,S001,17:13,18:43,4
E0009,B0434,S001,16:19,17:49,1
E0012,B5710,S001,12:24,13:54,4
E0015,B6315,S001,13:35,15:05,2
E0018,B6350,S001,13:12,14:42,2
E0021,B3341,S002,17:46,19:16,9
E0024,B6629,S002,17:16,18:46,13
E0027,B1412,S003,15:20,16:50,1
E0030,B3341,S003,16:29,17:59,1
E0033,B3569,S003,12:08,13:38,9
E0036,B3569,S003,16:15,17:45,6
E0039,B3569,S003,18:28,19:58,1
E0042,B3960,S003,14:50,16:20,1
E0045,B3960,S003,17:38,19:08,1
E0048,B0434,S003,16:59,18:29,1
E0051,B6629,S003,17:23,18:53,6
E0054,B7861,S003,11:40,13:10,1
E0057,B7861,S003,16:59,18:29,1
E0060,B1425,S004,12:57,14:27,3
E0063,B1548,S004,17:20,18:50,3
E0066,B3481,S004,12:17,13:47,1
E0069,B4995,S004,13:45,15:15,2
E0072,B6629,S004,12:31,14:01,2
E0075,B7861,S004,12:02,13:32,1
E0078,B4995,S005,17:21,18:51,1
E0081,B1036,S008,12:13,13:43,2
E0084,B6315,S008,17:54,19:24,1
E0087,B7375,S009,11:30,13:00,1
E0090,B4012,S010,16:06,17:36,6
E0093,B1412,S011,13:15,14:45,2
E0096,B3341,S011,12:10,13:40,2
E0099,B3341,S011,17:14,18:44,2
E0102,B0434,S011,11:46,13:16,2
E0105,B0434,S011,17:31,19:01,2
E0108,B5710,S011,18:02,19:32,2
E0111,B0064,S011,17:58,19:28,1
E0114,B6540,S011,13:14,14:44,1
E0117,B1425,S012,16:27,17:57,1
E0123,B3058,S012,17:20,18:50,1
E0126,B3341,S012,12:20,13:50,1
E0129,B3341,S012,16:55,18:25,1
E0132,B0434,S012,12:01,13:31,1
E0135,B5710,S012,16:39,18:09,3
E0138,B6278,S012,15:41,17:11,1
E0141,B6350,S012,16:58,18:28,1
E0144,B1412,S013,14:59,16:29,3
E0147,B5710,S013,15:36,17:06,2
E0150,B1548,S014,11:30,13:00,1
E0153,B1548,S014,16:59,18:29,1
E0156,B3058,S014,12:18,13:48,1
E0159,B3062,S014,12:14,13:44,1
E0162,B3341,S014,17:59,19:29,1
E0165,B0434,S014,12:20,13:50,1
E0168,B5520,S014,11:47,13:17,2
E0171,B5710,S014,12:20,13:50,1
E0174,B0064,S014,12:02,13:32,1
E0177,B7768,S014,17:04,18:34,1
E0180,B8851,S014,12:08,13:38,1
E0183,B3341,S015,13:00,14:30,4
E0186,B5710,S015,12:19,13:49,1
E0189,B8851,S015,17:31,19:01,1
E0192,B1036,S016,14:47,16:17,2
E0195,B1425,S016,13:28,14:58,1
E0207,B2477,S016,17:37,19:07,2
E0210,B3058,S016,12:01,13:31,1
E0213,B3062,S016,12:44,14:14,1
E0216,B3062,S016,15:44,17:14,1
E0219,B3341,S016,11:37,13:07,3
E0222,B3341,S016,12:29,13:59,9
E0225,B3341,S016,12:53,14:23,6
E0228,B3341,S016,14:15,15:45,1
E0231,B3341,S016,16:35,18:05,1
E0234,B3341,S016,17:29,18:59,2
E0237,B3341,S016,18:14,19:44,6
E0240,B3569,S016,12:27,13:57,2
E0243,B4012,S016,12:36,14:06,1
E0246,B0434,S016,12:00,13:30,3
E0249,B0434,S016,12:41,14:11,13
E0252,B0434,S016,13:51,15:21,3
E0255,B0434,S016,15:24,16:54,1
E0258,B0434,S016,16:35,18:05,1
E0261,B0434,S016,17:30,19:00,1
E0264,B0434,S016,18:26,19:56,1
E0267,B4995,S016,14:24,15:54,2
E0270,B5143,S016,12:34,14:04,1
E0273,B5143,S016,14:27,15:57,2
E0276,B5520,S016,12:56,14:26,5
E0279,B5710,S016,12:21,13:51,3
E0282,B5710,S016,13:21,14:51,1
E0285,B5710,S016,16:15,17:45,2
E0288,B5710,S016,17:24,18:54,3
E0291,B5710,S016,18:20,19:50,1
E0294,B0064,S016,11:59,13:29,2
E0297,B0064,S016,12:40,14:10,3
E0300,B0064,S016,14:26,15:56,1
E0303,B6315,S016,12:45,14:15,3
E0306,B6315,S016,13:22,14:52,14
E0309,B6315,S016,16:51,18:21,5
E0312,B6350,S016,12:28,13:58,12
E0315,B6350,S016,17:22,18:52,1
E0318,B6540,S016,12:21,13:51,3
E0321,B0686,S016,16:51,18:21,2
E0324,B7861,S016,16:35,18:05,1
E0327,B8851,S016,12:08,13:38,1
E0333,B3341,S017,11:40,13:10,2
E0336,B3341,S017,12:50,14:20,2
E0339,B3341,S017,17:39,19:09,1
E0342,B3569,S017,12:36,14:06,2
E0345,B0434,S017,18:17,19:47,1
E0348,B0064,S017,12:16,13:46,2
E0357,B3062,S018,12:27,13:57,3
E0360,B3341,S018,12:15,13:45,1
E0363,B3341,S018,18:23,19:53,1
E0366,B0434,S018,12:55,14:25,1
E0369,B0434,S018,17:36,19:06,1
E0372,B5143,S018,12:12,13:42,1
E0375,B5710,S018,17:42,19:12,1
E0381,B6315,S018,14:28,15:58,1
E0384,B7278,S018,17:58,19:28,1
E0387,B0064,S019,17:03,18:33,3
E0393,B6350,S020,13:12,14:42,5
E0399,B1101,S021,12:41,14:11,1
E0402,B0148,S021,17:15,18:45,2
E0411,B2860,S021,12:20,13:50,2
E0414,B2875,S021,11:30,13:00,2
E0417,B2875,S021,18:05,19:35,2
E0420,B3058,S021,15:03,16:33,1
E0423,B3062,S021,13:37,15:07,1
E0426,B3062,S021,17:33,19:03,2
E0429,B3341,S021,12:13,13:43,4
E0435,B3341,S021,15:09,16:39,1
E0438,B3341,S021,16:30,18:00,1
E0450,B3960,S021,12:44,14:14,3
E0453,B3960,S021,15:05,16:35,1
E0459,B0434,S021,14:26,15:56,2
E0465,B4621,S021,13:59,15:29,1
E0471,B5710,S021,11:56,13:26,3
E0474,B5710,S021,16:58,18:28,2
E0486,B6315,S021,16:46,18:16,1
E0492,B6350,S021,13:03,14:33,1
E0501,B6540,S021,12:52,14:22,1
E0507,B7375,S021,15:14,16:44,1
E0510,B7768,S021,15:06,16:36,1
E0516,B8851,S021,16:37,18:07,1
E0528,B0064,S022,13:59,15:29,3
E0534,B0434,S023,15:24,16:54,1
E0543,B0064,S024,15:51,17:21,1
E0555,B3341,S025,14:11,15:41,4
E0561,B5143,S025,11:54,13:24,1
E0564,B6540,S025,16:52,18:22,1
E0573,B0291,S026,12:03,13:33,1
E0582,B3341,S026,16:32,18:02,1
E0588,B3960,S026,12:28,13:58,2
E0603,B6315,S026,11:50,13:20,1
E0612,B7768,S026,12:40,14:10,1
E0618,B3341,S027,11:31,13:01,2
E0636,B0064,S028,11:36,13:06,2
E0645,B0291,S030,16:05,17:35,1
E0648,B3062,S030,15:17,16:47,2
E0660,B4439,S030,16:30,18:00,1
E0672,B6540,S030,17:41,19:11,2
E0675,B8851,S030,14:06,15:36,1
E0687,B3481,S033,13:07,14:37,1
E0690,B3960,S033,12:04,13:34,1
E0756,B0291,S039,12:27,13:57,1
E0765,B3341,S039,11:37,13:07,1
E0771,B3341,S039,16:00,17:30,1
E0798,B6315,S040,14:09,15:39,3
E0807,B0064,S041,15:45,17:15,1
E0822,B3058,S043,16:52,18:22,2
E0828,B3341,S043,11:39,13:09,2
E0840,B3960,S043,11:37,13:07,2
E0855,B5710,S043,11:38,13:08,2
E0861,B6315,S043,11:34,13:04,1
E0876,B3960,S044,18:17,19:47,1
E0879,B1101,S045,11:40,13:10,3
E0885,B2461,S045,12:27,13:57,1
E0888,B2860,S045,12:41,14:11,1
E0891,B3058,S045,11:44,13:14,1
E0900,B3481,S045,15:32,17:02,2
E0903,B3960,S045,14:16,15:46,1
E0927,B7861,S045,14:08,15:38,2
E0930,B2477,S046,17:51,19:21,1
E0936,B6315,S046,13:39,15:09,1
E0939,B7861,S046,14:56,16:26,1
E0954,B6540,S047,11:55,13:25,3
E0966,B2875,S049,17:53,19:23,4
E0975,B6315,S049,16:02,17:32,1
E1014,B6315,S052,14:24,15:54,1
E1023,B2860,S054,15:34,17:04,6
E1026,B3062,S054,16:07,17:37,6
E1035,B5710,S054,15:01,16:31,8
E1038,B6315,S054,15:48,17:18,6
E1050,B6540,S054,17:38,19:08,6
E1065,B6315,S055,15:24,16:54,1
E1080,B0064,S056,15:40,17:10,1
E1086,B2860,S057,16:58,18:28,2
E1092,B2860,S059,17:05,18:35,1
E1155,B2860,S064,17:31,19:01,3
E1158,B2875,S064,12:26,13:56,1
E1161,B2875,S064,17:28,18:58,1
E1164,B2875,S064,18:01,19:31,2
E1200,B6793,S064,14:19,15:49,1
E1209,B2875,S065,12:43,14:13,2
E1239,B2875,S068,15:17,16:47,2
E1302,B3062,S073,11:30,13:00,1
E1344,B6697,S073,17:44,19:14,2
E1350,B1386,S075,12:27,13:57,3
E1353,B8011,S075,12:01,13:31,1
E1356,B5228,S078,12:54,14:24,3
E1359,B8148,S078,12:55,14:25,2
E1365,B4365,S082,12:33,14:03,3
E1368,B0376,S083,16:07,17:37,1
E1371,B6492,S084,15:54,17:24,1
E1374,B4645,S085,11:45,13:15,3
E1377,B6540,S085,14:47,16:17,2
E1380,B0049,S086,12:51,14:21,3
E1383,B5986,S086,12:00,13:30,2
E1389,B0291,S089,12:29,13:59,3
E1392,B0447,S090,14:01,15:31,1
E1395,B6540,S091,12:37,14:07,2
E1398,B4253,S092,15:18,16:48,4
E1401,B2243,S094,14:14,15:44,2
E1404,B8469,S095,12:58,14:28,3
E1407,B7817,S097,11:30,13:00,2
E1413,B2408,S099,12:27,13:57,3
E1416,B2408,S099,13:08,14:38,3
E1422,B6369,S099,12:41,14:11,3
E1425,B7753,S099,12:11,13:41,1
E1428,B0546,S100,16:05,17:35,2
E1431,B3438,S101,12:43,14:13,1
E1434,B3438,S101,13:18,14:48,1
E1437,B3438,S101,14:16,15:46,1
E1440,B6540,S101,13:03,14:33,1
E1443,B1593,S102,12:33,14:03,2
E1446,B7180,S102,18:24,19:54,2
E1449,B6540,S103,16:49,18:19,4
E1452,B4155,S104,18:08,19:38,2
E1455,B3431,S105,14:15,15:45,16
E1458,B4845,S105,11:36,13:06,16
E1461,B2100,S106,11:33,13:03,1
E1464,B0049,S106,12:32,14:02,1
E1467,B9207,S106,12:38,14:08,1
E1470,B8073,S107,13:21,14:51,1
E1473,B2010,S108,13:18,14:48,3
E1476,B5104,S108,12:42,14:12,1
E1479,B6306,S108,13:34,15:04,3
E1485,B3211,S110,17:11,18:41,5
E1488,B2100,S111,12:18,13:48,4
E1491,B0810,S111,13:09,14:39,7
E1494,B8400,S111,14:44,16:14,12
E1497,B3395,S112,11:58,13:28,3
E1500,B8718,S112,13:00,14:30,3
E1503,B4379,S115,17:35,19:05,3
E1506,B6540,S116,16:15,17:45,2
E1509,B7866,S119,13:23,14:53,1
E1512,B1402,S121,11:46,13:16,3
E1515,B4779,S121,11:48,13:18,3
E1518,B1066,S123,17:57,19:27,6
E1521,B8714,S124,18:28,19:58,1
E1527,B1675,S126,16:53,18:23,2
E1530,B5177,S128,13:25,14:55,1
E1533,B1066,S129,17:28,18:58,1
E1536,B0246,S129,11:53,13:23,1
E1539,B5534,S129,12:02,13:32,1
E1542,B1284,S131,13:06,14:36,1
E1545,B3577,S131,11:55,13:25,1
E1548,B5534,S131,16:34,18:04,1
E1551,B8714,S131,12:30,14:00,1
E1554,B8714,S132,17:35,19:05,1
E1557,B2100,S133,12:22,13:52,1
E1560,B8714,S133,17:33,19:03,1
E1563,B8714,S134,14:50,16:20,3
E1566,B1284,S135,13:11,14:41,1
E1569,B0246,S135,14:27,15:57,2
E1572,B8714,S135,12:11,13:41,2
E1575,B8714,S135,16:24,17:54,2
E1578,B6444,S136,17:02,18:32,9
E1581,B5385,S138,12:35,14:05,2
E1584,B4527,S139,13:13,14:43,2
E1587,B1066,S141,12:22,13:52,3
E1590,B0829,S141,17:44,19:14,3
E1593,B3198,S142,12:47,14:17,2
E1596,B3198,S142,14:53,16:23,1
E1599,B3198,S142,18:11,19:41,1
E1602,B1858,S143,13:35,15:05,2
E1605,B4943,S143,12:39,14:09,3
E1608,B5905,S143,16:02,17:32,1
E1611,B8844,S143,18:27,19:57,3
E1614,B5781,S145,13:20,14:50,2
E1617,B5905,S146,18:14,19:44,2
E1620,B2019,S149,18:17,19:47,2
E1623,B3243,S151,11:50,13:20,3
E1626,B2604,S152,16:40,18:10,14
E1632,B4952,S152,12:24,13:54,15
E1635,B0747,S152,12:22,13:52,12
E1638,B3431,S153,13:05,14:35,1
E1641,B3913,S153,12:17,13:47,2
E1644,B8788,S153,14:41,16:11,2
E1647,B6818,S154,12:57,14:27,2
E1650,B3478,S156,17:18,18:48,6
E1653,B3243,S157,17:15,18:45,3
E1656,B6540,S157,12:31,14:01,2
E1659,B4251,S158,12:33,14:03,2
E1662,B5645,S158,12:55,14:25,2
E1665,B4133,S161,17:48,19:18,1
E1671,B0663,S164,11:42,13:12,1
E1674,B1275,S165,11:57,13:27,11
E1677,B1476,S165,13:25,14:55,1
E1680,B1600,S165,14:59,16:29,2
E1683,B2477,S165,17:36,19:06,13
E1686,B3016,S165,11:55,13:25,11
E1689,B3432,S165,13:19,14:49,2
E1692,B0348,S165,18:24,19:54,1
E1695,B4046,S165,16:25,17:55,1
E1698,B4808,S165,12:29,13:59,13
E1701,B5983,S165,18:25,19:55,1
E1704,B7826,S165,13:07,14:37,1
E1707,B7826,S165,16:21,17:51,2
E1710,B0499,S167,18:27,19:57,3
E1713,B1876,S168,12:27,13:57,4
E1716,B4672,S169,13:57,15:27,1
E1719,B8025,S170,13:00,14:30,11
E1722,B0403,S172,13:53,15:23,1
E1725,B1251,S173,15:24,16:54,1
E1728,B4133,S173,14:55,16:25,1
E1737,B3925,S174,16:29,17:59,23
E1740,B5116,S174,17:33,19:03,8
E1746,B8102,S174,12:50,14:20,1
E1749,B1251,S175,13:01,14:31,2
E1752,B3016,S176,12:11,13:41,2
E1755,B4808,S178,17:03,18:33,1
E1758,B7826,S180,14:04,15:34,6
E1764,B0359,S181,17:25,18:55,12
E1767,B4753,S181,17:21,18:51,14
E1770,B0270,S182,18:21,19:51,1
E1773,B2724,S184,18:17,19:47,1
E1776,B3907,S184,15:51,17:21,2
E1779,B8025,S185,13:06,14:36,2
E1782,B1297,S188,11:40,13:10,3
E1785,B7984,S188,18:19,19:49,2
E1788,B0503,S191,11:57,13:27,6
E1794,B3228,S194,12:53,14:23,2
E1797,B9097,S194,14:51,16:21,2
E1800,B8442,S195,11:33,13:03,1
E1803,B5593,S197,16:11,17:41,4
E1806,B2731,S198,14:13,15:43,8
E1809,B4289,S198,11:32,13:02,4
E1812,B6579,S198,12:23,13:53,4
E1815,B7055,S198,17:13,18:43,2
E1818,B8654,S198,12:14,13:44,3
E1821,B0291,S200,12:51,14:21,1
E1827,B2546,S201,12:37,14:07,1
E1830,B0291,S201,13:29,14:59,1
E1836,B4155,S201,12:53,14:23,2
E1839,B4952,S201,11:37,13:07,6
E1842,B4952,S201,12:31,14:01,3
E1845,B4952,S201,13:25,14:55,3
E1848,B4952,S201,14:29,15:59,3
E1851,B4952,S201,18:12,19:42,3
E1854,B5488,S201,12:12,13:42,2
E1860,B0767,S201,12:00,13:30,2
E1863,B7826,S201,12:36,14:06,4
E1866,B5994,S202,18:15,19:45,12
E1869,B4036,S203,17:23,18:53,2
E1872,B7948,S203,11:51,13:21,2
E1875,B7948,S203,17:31,19:01,1
E1878,B8653,S203,18:08,19:38,3
E1881,B0397,S205,18:11,19:41,2
E1884,B0397,S206,17:08,18:38,2
E1887,B5686,S207,17:36,19:06,1
E1890,B2450,S208,17:25,18:55,23
E1896,B4282,S208,12:26,13:56,16
E1899,B6772,S208,16:19,17:49,6
E1902,B0745,S208,12:11,13:41,10
E1905,B7803,S208,16:27,17:57,1
E1908,B9208,S208,12:25,13:55,14
E1911,B2708,S210,15:30,17:00,1
E1920,B2487,S211,11:54,13:24,1
E1926,B0359,S211,13:04,14:34,2
E1929,B3888,S211,15:14,16:44,1
E1932,B5195,S211,13:01,14:31,1
E1938,B7214,S211,12:06,13:36,3
E1941,B3228,S212,13:34,15:04,1
E1944,B3808,S212,16:02,17:32,1
E1947,B7989,S212,16:36,18:06,1
E1950,B2604,S213,13:36,15:06,2
E1953,B3330,S213,13:17,14:47,3
E1959,B8203,S213,11:44,13:14,2
E1962,B5945,S214,11:44,13:14,1
E1965,B0767,S214,17:48,19:18,1
E1968,B7948,S215,18:15,19:45,2
E1974,B1402,S218,13:02,14:32,3
E1983,B4934,S218,12:05,13:35,4
E1986,B6579,S218,13:00,14:30,1
E1989,B5449,S220,13:59,15:29,1
E1992,B3330,S221,12:07,13:37,2
E1995,B0397,S221,17:32,19:02,2
E1998,B6772,S221,12:14,13:44,1
E2001,B5936,S222,13:22,14:52,6
E2010,B2487,S224,12:18,13:48,1
E2013,B3228,S224,12:49,14:19,1
E2016,B3888,S224,11:57,13:27,1
E2019,B5195,S224,18:21,19:51,1
E2022,B6976,S224,12:15,13:45,1
E2025,B2859,S225,11:44,13:14,1
E2028,B3558,S226,18:00,19:30,2
E2031,B4158,S226,12:04,13:34,8
E2034,B8953,S226,13:06,14:36,1
E2037,B3200,S227,16:33,18:03,3
E2040,B3836,S228,16:13,17:43,4
E2043,B5945,S230,12:12,13:42,2
E2046,B8433,S231,16:21,17:51,2
E2049,B0503,S233,11:51,13:21,5
E2052,B6297,S234,12:35,14:05,2
E2055,B5945,S235,12:05,13:35,2
E2058,B2450,S236,12:19,13:49,2
E2061,B1248,S237,12:45,14:15,2
E2064,B1248,S237,17:49,19:19,1
E2067,B1966,S237,12:09,13:39,6
E2070,B5951,S237,11:34,13:04,1
E2076,B3186,S239,13:10,14:40,2
E2079,B0552,S239,17:19,18:49,1
E2085,B3714,S240,16:04,17:34,6
E2088,B0745,S241,12:04,13:34,4
E2091,B8738,S242,13:48,15:18,1
E2094,B7087,S243,11:46,13:16,1
E2097,B8907,S243,17:32,19:02,4
E2100,B1402,S245,15:06,16:36,3
E2103,B8300,S245,15:00,16:30,1
E2106,B2450,S247,12:27,13:57,3
E2109,B4218,S247,13:48,15:18,2
E2112,B7191,S247,17:07,18:37,1
E2118,B3583,S248,17:37,19:07,3
E2121,B6061,S248,11:59,13:29,3
E2124,B7287,S248,13:26,14:56,2
E2127,B0677,S249,11:40,13:10,7
E2130,B2654,S252,13:34,15:04,2
E2133,B0690,S252,12:02,13:32,1
E2136,B0291,S253,17:02,18:32,1
E2139,B7890,S253,12:43,14:13,1
E2142,B6096,S255,15:59,17:29,1
E2145,B7948,S258,17:42,19:12,2
E2148,B2232,S259,11:44,13:14,2
E2151,B3960,S259,18:19,19:49,2
E2154,B4036,S259,17:20,18:50,1
E2157,B0454,S259,12:11,13:41,1
E2160,B0454,S259,18:03,19:33,1
E2163,B7948,S259,11:45,13:15,5
E2166,B7948,S259,12:25,13:55,4
E2169,B7948,S259,17:13,18:43,2
E2175,B2232,S260,11:55,13:25,1
E2178,B3186,S260,12:22,13:52,1
E2181,B3186,S260,18:09,19:39,1
E2184,B3960,S260,17:47,19:17,2
E2187,B4036,S260,12:16,13:46,1
E2190,B4036,S260,14:22,15:52,1
E2193,B4036,S260,18:00,19:30,4
E2196,B0454,S260,12:20,13:50,3
E2199,B0552,S260,12:22,13:52,1
E2202,B0552,S260,17:59,19:29,1
E2205,B7948,S260,12:10,13:40,3
E2208,B7948,S260,13:14,14:44,2
E2211,B7948,S260,14:04,15:34,1
E2214,B7948,S260,16:40,18:10,1
E2217,B7948,S260,17:56,19:26,4
E2220,B8442,S260,17:25,18:55,1
E2226,B3186,S262,12:00,13:30,1
E2229,B3186,S262,18:19,19:49,1
E2232,B3960,S262,18:02,19:32,1
E2235,B4036,S262,18:24,19:54,4
E2238,B0454,S262,12:50,14:20,1
E2241,B0552,S262,11:40,13:10,1
E2244,B6910,S262,12:07,13:37,1
E2247,B7948,S262,11:36,13:06,7
E2250,B7948,S262,12:40,14:10,3
E2253,B7948,S262,13:48,15:18,1
E2256,B7948,S262,16:41,18:11,1
E2259,B7948,S262,17:38,19:08,4
E2262,B7948,S262,18:24,19:54,9
E2265,B4036,S264,16:39,18:09,2
E2271,B7948,S265,11:58,13:28,1
E2280,B4036,S266,12:06,13:36,4
E2283,B4036,S266,17:11,18:41,1
E2286,B4036,S266,18:13,19:43,1
E2289,B0454,S266,13:02,14:32,2
E2292,B0454,S266,17:52,19:22,2
E2295,B0552,S266,12:24,13:54,2
E2298,B6096,S266,13:00,14:30,1
E2301,B7948,S266,11:42,13:12,3
E2307,B7948,S266,13:01,14:31,2
E2310,B7948,S266,14:03,15:33,3
E2313,B7948,S266,17:49,19:19,1
E2316,B5488,S267,11:47,13:17,1
E2319,B1339,S268,12:13,13:43,1
E2322,B1499,S269,12:00,13:30,1
E2325,B2173,S269,17:36,19:06,1
E2328,B4638,S269,14:14,15:44,1
E2331,B4218,S270,13:49,15:19,2
E2334,B8252,S271,18:27,19:57,2
E2337,B1374,S272,17:52,19:22,3
E2340,B6390,S272,12:21,13:51,3
E2343,B8413,S273,12:31,14:01,1
E2346,B4578,S274,14:36,16:06,3
E2352,B5508,S276,13:09,14:39,1
E2355,B2445,S277,12:15,13:45,2
E2358,B8958,S277,11:50,13:20,2
E2361,B8679,S280,13:10,14:40,2
E2367,B0411,S282,17:31,19:01,3
E2370,B4763,S282,11:36,13:06,7
E2373,B7121,S282,11:49,13:19,6
E2376,B8433,S282,17:16,18:46,2
E2379,B5634,S283,16:04,17:34,2
E2382,B4825,S285,15:19,16:49,1
E2391,B4036,S286,11:46,13:16,4
E2397,B6216,S286,11:54,13:24,7
E2403,B6597,S287,18:15,19:45,1
E2406,B1972,S290,12:08,13:38,20
E2409,B1897,S291,12:03,13:33,1
E2412,B5810,S293,11:41,13:11,10
E2415,B1972,S294,12:06,13:36,1
E2418,B1972,S294,13:33,15:03,1
E2421,B4722,S294,13:18,14:48,1
E2424,B5474,S294,17:18,18:48,3
E2430,B6815,S294,13:20,14:50,2
E2433,B7650,S295,12:52,14:22,1
E2439,B5272,S296,11:39,13:09,2
E2442,B8708,S296,11:54,13:24,2
E2448,B0813,S299,12:03,13:33,7
E2451,B8836,S300,16:13,17:43,2
E2457,B5700,S302,15:56,17:26,1
E2460,B8799,S304,13:08,14:38,3
E2463,B1452,S306,17:52,19:22,1
E2469,B3743,S306,13:47,15:17,2
E2472,B2530,S307,12:14,13:44,1
E2475,B1740,S308,17:21,18:51,13
E2478,B1345,S310,17:44,19:14,2
E2481,B5763,S311,18:16,19:46,2
E2484,B7600,S312,13:19,14:49,1
E2487,B3328,S315,17:44,19:14,1
E2490,B4722,S316,11:39,13:09,1
E2493,B0476,S316,11:43,13:13,2
E2496,B5573,S316,18:11,19:41,3
E2499,B6720,S316,14:20,15:50,2
E2502,B6815,S316,12:34,14:04,1
E2505,B8057,S316,12:23,13:53,2
E2508,B6540,S317,14:27,15:57,1
E2511,B8307,S318,11:55,13:25,8
E2514,B0321,S319,12:22,13:52,1
E2517,B0442,S319,13:01,14:31,1
E2520,B8841,S319,12:02,13:32,2
E2523,B5652,S321,12:56,14:26,1
E2526,B1527,S322,13:13,14:43,10
E2532,B0280,S322,12:51,14:21,21
E2535,B3852,S322,12:06,13:36,7
E2538,B8911,S322,11:32,13:02,11
E2541,B2828,S323,11:47,13:17,10
E2544,B6466,S323,13:41,15:11,6
E2547,B9080,S323,13:07,14:37,10
E2550,B6468,S325,13:00,14:30,2
E2556,B2304,S326,12:47,14:17,2
E2559,B6864,S326,17:14,18:44,4
E2562,B5865,S327,13:02,14:32,1
E2568,B8786,S329,18:13,19:43,1
E2571,B1553,S331,13:32,15:02,2
E2574,B2032,S331,12:08,13:38,3
E2577,B3960,S331,15:22,16:52,1
E2580,B3960,S331,18:14,19:44,1
E2583,B6202,S332,16:22,17:52,3
E2589,B2074,S334,11:31,13:01,2
E2592,B2756,S334,14:39,16:09,2
E2595,B3801,S334,13:27,14:57,1
E2598,B3807,S334,14:15,15:45,2
E2601,B4247,S334,13:45,15:15,1
E2604,B0049,S334,13:01,14:31,3
E2607,B4873,S334,17:19,18:49,3
E2613,B7250,S334,12:41,14:11,3
E2616,B7250,S334,14:48,16:18,1
E2619,B7250,S334,17:19,18:49,1
E2622,B0810,S334,14:59,16:29,2
E2625,B0810,S334,15:47,17:17,2
E2628,B8714,S334,11:39,13:09,1
E2631,B8714,S334,16:27,17:57,3
E2634,B1287,S335,12:13,13:43,6
E2637,B3215,S335,11:51,13:21,1
E2640,B4835,S335,12:36,14:06,1
E2643,B7554,S335,11:54,13:24,2
E2646,B7600,S335,11:46,13:16,3
E2649,B7600,S335,16:05,17:35,2
E2652,B7707,S335,16:10,17:40,2
E2655,B2195,S336,11:33,13:03,4
E2658,B4381,S336,11:36,13:06,2
E2661,B6932,S336,14:44,16:14,2
E2664,B1452,S337,13:38,15:08,3
E2667,B1957,S337,11:56,13:26,1
E2670,B8057,S337,13:01,14:31,1
E2679,B3407,S338,12:17,13:47,1
E2682,B5404,S338,13:25,14:55,3
E2685,B6534,S338,13:52,15:22,1
E2694,B0798,S338,12:26,13:56,4
E2697,B0798,S338,13:20,14:50,1
E2700,B0798,S338,14:02,15:32,2
E2706,B3413,S341,17:28,18:58,1
E2709,B2304,S342,12:48,14:18,2
E2712,B0911,S342,18:27,19:57,1
E2715,B5575,S343,13:29,14:59,2
E2718,B1064,S344,17:49,19:19,2
E2721,B2166,S344,11:51,13:21,2
E2724,B3237,S344,12:41,14:11,2
E2727,B0354,S344,18:11,19:41,4
E2730,B8214,S344,13:52,15:22,2
E2736,B4722,S345,12:10,13:40,22
E2739,B3793,S346,12:01,13:31,1
E2745,B8090,S347,13:31,15:01,3
E2748,B2194,S348,13:04,14:34,1
E2751,B6188,S349,18:19,19:49,2
E2754,B6202,S351,13:47,15:17,1
E2757,B3401,S352,12:19,13:49,1
E2760,B5488,S352,11:30,13:00,1
E2763,B6864,S352,12:34,14:04,1
E2766,B3401,S354,12:09,13:39,2
E2769,B5633,S354,13:41,15:11,1
E2772,B1324,S357,18:07,19:37,3
E2775,B4681,S359,13:16,14:46,1
E2778,B6179,S359,12:16,13:46,6
E2781,B9025,S359,13:23,14:53,5
E2784,B9179,S359,13:57,15:27,3
E2787,B2498,S361,12:42,14:12,3
E2790,B4111,S361,11:59,13:29,2
E2793,B0586,S361,12:27,13:57,1
E2796,B8569,S361,15:23,16:53,1
E2799,B5190,S363,14:18,15:48,3
E2802,B7454,S364,16:32,18:02,1
E2805,B6086,S365,12:11,13:41,2
E2808,B4663,S366,12:22,13:52,1
E2811,B6345,S366,12:06,13:36,2
E2820,B0958,S367,12:08,13:38,2
E2823,B2031,S370,14:49,16:19,1
E2826,B0717,S371,18:28,19:58,1
E2829,B1269,S372,13:39,15:09,3
E2835,B3260,S374,12:15,13:45,2
E2838,B3260,S374,16:02,17:32,2
E2841,B0560,S374,12:45,14:15,2
E2844,B5907,S374,11:45,13:15,2
E2847,B5962,S374,16:16,17:46,2
E2850,B8560,S374,14:40,16:10,4
E2853,B8584,S374,14:48,16:18,3
E2856,B8828,S374,17:06,18:36,2
E2862,B0291,S376,14:56,16:26,2
E2868,B4485,S377,12:40,14:10,1
E2871,B4485,S377,13:26,14:56,3
E2874,B0008,S377,12:14,13:44,2
E2877,B8450,S378,15:52,17:22,4
E2883,B1420,S381,17:27,18:57,3
E2886,B7219,S381,13:29,14:59,1
E2889,B1420,S382,11:37,13:07,3
E2892,B0805,S382,18:06,19:36,1
E2895,B2051,S383,12:49,14:19,3
E2898,B3693,S383,11:47,13:17,3
E2901,B6086,S383,11:59,13:29,1
E2904,B7888,S383,12:00,13:30,6
E2907,B7677,S384,13:59,15:29,2
E2910,B5594,S385,13:23,14:53,1
E2913,B1413,S386,17:08,18:38,6
E2919,B6505,S387,12:52,14:22,4
E2922,B6505,S388,17:36,19:06,2
E2925,B4148,S391,18:25,19:55,5
E2931,B2233,S395,17:31,19:01,15
E2934,B0456,S395,17:31,19:01,9
E2937,B7377,S395,12:14,13:44,11
E2940,B5518,S396,11:48,13:18,1
E2943,B7888,S397,17:30,19:00,2
E2946,B0008,S398,12:30,14:00,1
E2952,B3701,S401,16:21,17:51,1
E2955,B4356,S401,11:30,13:00,1
E2958,B6445,S401,17:41,19:11,1
E2961,B3469,S402,18:22,19:52,1
E2964,B7970,S402,11:46,13:16,1
E2967,B7768,S405,17:41,19:11,1
E2973,B6736,S408,17:08,18:38,2
E2982,B2374,S412,12:08,13:38,3
E2985,B3262,S412,12:07,13:37,5
E2988,B6055,S412,15:39,17:09,1
E2991,B2079,S413,17:38,19:08,2
E2994,B5841,S413,14:35,16:05,1
E2997,B6097,S413,16:01,17:31,3
E3000,B1442,S414,17:57,19:27,2
E3006,B3644,S414,11:45,13:15,1
E3009,B5170,S414,12:43,14:13,2
E3012,B5474,S414,18:19,19:49,3
E3015,B6527,S414,17:44,19:14,3
E3018,B7377,S414,17:35,19:05,2
E3021,B1456,S415,11:47,13:17,1
E3024,B0236,S415,18:17,19:47,1
E3027,B3644,S415,13:29,14:59,1
E3030,B5581,S415,13:10,14:40,1
E3033,B6673,S415,18:09,19:39,2
E3036,B7252,S415,12:11,13:41,1
E3039,B7768,S415,17:21,18:51,1
E3045,B2232,S418,16:18,17:48,3
E3048,B0552,S418,12:32,14:02,1
E3051,B0552,S418,17:46,19:16,2
E3057,B3037,S419,17:33,19:03,2
E3060,B0456,S419,17:46,19:16,1
E3063,B5474,S419,12:55,14:25,10
E3066,B6329,S419,15:08,16:38,1
E3069,B7096,S419,11:38,13:08,1
E3078,B5442,S420,17:34,19:04,2
E3081,B1456,S421,12:18,13:48,1
E3090,B4038,S421,17:40,19:10,2
E3093,B5226,S421,12:38,14:08,1
E3096,B0530,S421,17:11,18:41,15
E3099,B5474,S421,13:43,15:13,2
E3102,B5474,S421,18:22,19:52,1
E3105,B7096,S421,12:40,14:10,1
E3108,B7252,S421,16:06,17:36,1
E3111,B7377,S421,18:19,19:49,15
E3114,B5474,S422,12:00,13:30,3
E3117,B9177,S423,11:40,13:10,2
E3120,B1195,S425,18:24,19:54,2
E3123,B2232,S426,11:31,13:01,1
E3129,B4933,S427,17:57,19:27,10
E3132,B1442,S428,12:08,13:38,2
E3135,B1442,S428,13:29,14:59,3
E3138,B1456,S428,11:53,13:23,1
E3144,B2276,S428,12:31,14:01,2
E3147,B2276,S428,13:45,15:15,3
E3150,B2276,S428,16:51,18:21,1
E3153,B2276,S428,18:20,19:50,3
E3156,B3037,S428,14:18,15:48,2
E3159,B3708,S428,12:51,14:21,2
E3162,B3782,S428,18:04,19:34,1
E3165,B5284,S428,11:51,13:21,1
E3168,B5474,S428,12:29,13:59,2
E3171,B5474,S428,13:14,14:44,1
E3174,B5474,S428,17:03,18:33,3
E3177,B5581,S428,11:49,13:19,2
E3180,B6319,S428,16:58,18:28,1
E3189,B7252,S428,13:25,14:55,2
E3192,B8291,S428,11:53,13:23,2
E3195,B6407,S429,17:30,19:00,14
E3198,B2417,S430,12:21,13:51,1
E3201,B8853,S430,15:54,17:24,1
E3207,B0899,S434,18:19,19:49,2
E3213,B0236,S436,13:24,14:54,2
E3216,B3852,S436,13:05,14:35,3
E3219,B5474,S436,16:24,17:54,1
E3222,B8853,S438,18:24,19:54,1
E3225,B0112,S440,12:48,14:18,1
E3228,B6490,S441,15:26,16:56,2
E3240,B1195,S445,17:56,19:26,4
E3243,B2634,S445,17:32,19:02,9
E3249,B0601,S445,12:45,14:15,2
E3252,B7367,S445,11:43,13:13,3
E3255,B8314,S445,16:34,18:04,2
E3258,B0173,S446,12:02,13:32,2
E3264,B6981,S447,12:06,13:36,2
E3267,B4291,S448,12:06,13:36,2
E3270,B6083,S448,13:13,14:43,2
E3273,B6665,S448,14:58,16:28,3
E3276,B0930,S448,13:06,14:36,2
E3279,B8134,S449,15:10,16:40,2
E3282,B6259,S450,11:39,13:09,3
E3285,B5240,S451,16:00,17:30,2
E3288,B1186,S452,13:53,15:23,9
E3291,B8032,S454,11:38,13:08,1
E3297,B5154,S455,13:14,14:44,2
E3303,B0930,S455,18:17,19:47,2
E3306,B2352,S457,15:05,16:35,1
E3309,B3745,S458,14:24,15:54,2
E3312,B1533,S460,11:37,13:07,1
E3315,B3273,S461,13:48,15:18,1
E3318,B6434,S462,13:39,15:09,2
E3324,B2399,S463,17:12,18:42,1
E3330,B4260,S463,15:04,16:34,2
E3333,B0557,S463,11:53,13:23,1
E3336,B6195,S463,11:32,13:02,1
E3339,B6665,S463,11:39,13:09,3
E3342,B7579,S463,12:00,13:30,2
E3345,B7579,S463,12:51,14:21,2
E3348,B7768,S463,13:23,14:53,1
E3351,B8614,S463,12:17,13:47,2
E3354,B0930,S463,12:35,14:05,3
E3357,B1315,S464,12:36,14:06,1
E3363,B5154,S464,11:31,13:01,1
E3366,B5968,S464,11:58,13:28,1
E3369,B7904,S465,17:22,18:52,4
E3372,B6665,S466,16:52,18:22,1
E3375,B3750,S468,17:22,18:52,4
E3378,B6407,S469,17:21,18:51,1
E3381,B1245,S471,13:39,15:09,1
E3384,B8614,S471,11:55,13:25,2
E3390,B1866,S473,12:14,13:44,1
E3393,B6147,S473,12:10,13:40,1
E3396,B6497,S474,18:03,19:33,3
E3399,B2325,S475,18:15,19:45,4
E3405,B4818,S476,17:27,18:57,2
E3408,B0557,S476,11:30,13:00,1
E3411,B6434,S476,13:48,15:18,2
E3414,B7760,S476,14:49,16:19,1
E3417,B8614,S476,11:41,13:11,2
E3420,B4728,S477,11:36,13:06,1
E3423,B5076,S477,12:27,13:57,1
E3426,B5154,S478,11:44,13:14,2
E3429,B1866,S479,12:34,14:04,1
E3432,B3535,S479,16:59,18:29,1
E3441,B6603,S480,17:44,19:14,1
E3444,B8181,S480,12:43,14:13,1
E3447,B3535,S481,17:54,19:24,2
E3450,B1186,S482,13:25,14:55,1
E3456,B3750,S483,15:21,16:51,8
E3459,B4320,S483,12:16,13:46,11
E3462,B6890,S483,15:45,17:15,9
E3465,B1222,S484,17:45,19:15,2
E3471,B6319,S484,17:33,19:03,3
E3474,B3464,S486,11:43,13:13,2
E3477,B0540,S486,12:14,13:44,3
E3480,B5734,S487,13:31,15:01,1
E3483,B7443,S488,15:14,16:44,1
E3486,B1186,S489,11:53,13:23,3
E3489,B2399,S489,14:31,16:01,6
E3492,B3745,S489,15:14,16:44,8
E3495,B3995,S489,12:10,13:40,5
E3504,B7576,S489,15:20,16:50,6
E3507,B8065,S489,14:54,16:24,3
E3510,B8697,S489,13:04,14:34,3
E3513,B0622,S490,13:23,14:53,4
E3516,B7576,S491,15:28,16:58,8
E3519,B3782,S492,18:28,19:58,1
E3528,B2674,S493,15:21,16:51,2
E3534,B8742,S493,11:59,13:29,1
E3537,B3415,S494,15:05,16:35,3
E3540,B5698,S494,13:30,15:00,2
E3543,B6141,S494,16:41,18:11,2
E3546,B6890,S494,18:18,19:48,2
E3549,B0833,S494,13:04,14:34,1
E3552,B1416,S495,11:49,13:19,1
E3555,B1416,S495,17:13,18:43,1
E3558,B4320,S495,14:22,15:52,2
E3561,B6150,S495,17:03,18:33,1
E3564,B7776,S495,18:07,19:37,1
E3567,B0089,S495,13:53,15:23,1
E3573,B5531,S498,17:39,19:09,2
E3576,B6527,S500,17:58,19:28,1
E3579,B5142,S501,12:08,13:38,4
E3582,B2276,S503,16:29,17:59,4
E3588,B0530,S504,15:03,16:33,1
E3594,B3466,S506,18:16,19:46,1
E3597,B6228,S508,11:59,13:29,3
E3600,B8565,S508,12:51,14:21,2
E3603,B3894,S509,16:33,18:03,1
E3606,B5698,S510,12:27,13:57,6
E3609,B8238,S512,14:24,15:54,3
E3615,B6179,S514,17:47,19:17,2
E3627,B0291,S515,16:00,17:30,1
E3630,B0513,S515,13:07,14:37,2
E3633,B0513,S515,17:58,19:28,6
E3636,B6179,S515,14:11,15:41,2
E3639,B6179,S515,17:41,19:11,1
E3642,B6462,S515,12:07,13:37,4
E3645,B6691,S515,16:46,18:16,3
E3648,B2086,S516,14:11,15:41,4
E3663,B1753,S518,18:02,19:32,2
E3669,B4106,S518,12:28,13:58,2
E3672,B0513,S518,11:51,13:21,1
E3678,B6179,S518,17:55,19:25,1
E3681,B6691,S518,11:46,13:16,1
E3684,B6691,S518,18:22,19:52,2
E3687,B4106,S519,14:11,15:41,1
E3690,B6179,S519,11:37,13:07,1
E3693,B6179,S519,17:15,18:45,1
E3705,B1774,S521,11:57,13:27,1
E3708,B1774,S521,12:56,14:26,1
E3717,B3818,S521,17:09,18:39,1
E3723,B0513,S521,16:42,18:12,1
E3732,B6179,S521,12:16,13:46,1
E3735,B6179,S521,13:19,14:49,1
E3738,B6179,S521,17:33,19:03,3
E3741,B6179,S521,18:21,19:51,2
E3750,B8159,S521,15:43,17:13,1
E3753,B1557,S522,14:17,15:47,2
E3756,B6513,S522,17:32,19:02,2
E3759,B7735,S522,12:32,14:02,3
E3765,B1774,S524,11:44,13:14,1
E3774,B6179,S524,11:58,13:28,2
E3777,B6179,S524,12:48,14:18,4
E3783,B0126,S525,17:26,18:56,2
E3786,B3227,S525,11:43,13:13,2
E3789,B7149,S525,17:12,18:42,1
E3792,B6179,S526,17:38,19:08,1
E3795,B7704,S528,13:38,15:08,3
E3798,B5643,S529,13:07,14:37,2
E3801,B1219,S531,17:06,18:36,2
E3804,B1701,S532,13:10,14:40,3
E3807,B3227,S532,12:12,13:42,4
E3810,B3227,S532,17:57,19:27,3
E3813,B3789,S532,12:59,14:29,3
E3816,B3789,S532,17:38,19:08,2
E3819,B4504,S532,18:01,19:31,2
E3822,B9205,S532,17:50,19:20,3
E3825,B6448,S533,11:40,13:10,4
E3828,B7654,S533,16:28,17:58,3
E3831,B3227,S534,12:38,14:08,2
E3834,B5085,S537,18:22,19:52,3
E3837,B1024,S538,16:20,17:50,2
E3840,B0136,S539,17:31,19:01,1
E3843,B8695,S539,15:11,16:41,1
E3846,B8695,S539,17:42,19:12,1
E3849,B2864,S541,14:15,15:45,1
E3852,B6436,S543,16:54,18:24,2
E3855,B0336,S544,14:42,16:12,1
E3858,B3699,S545,15:30,17:00,1
E3861,B2264,S546,13:05,14:35,3
E3864,B6979,S546,13:46,15:16,5
E3870,B7900,S548,17:19,18:49,1
E3873,B7900,S550,17:39,19:09,1
E3876,B2270,S551,16:23,17:53,2
E3879,B0632,S551,17:14,18:44,6
E3882,B7900,S551,18:28,19:58,3
E3885,B7268,S552,13:30,15:00,1
E3888,B6456,S553,11:37,13:07,1
E3891,B0336,S555,14:20,15:50,1
E3894,B0632,S555,14:08,15:38,1
E3897,B7900,S555,12:06,13:36,1
E3900,B7900,S556,15:33,17:03,1
E3903,B1804,S557,12:04,13:34,1
E3906,B2664,S557,18:12,19:42,1
E3909,B4201,S557,12:02,13:32,1
E3912,B5242,S557,12:14,13:44,2
E3915,B5520,S557,11:36,13:06,2
E3918,B5962,S557,16:34,18:04,1
E3921,B6778,S557,17:59,19:29,1
E3924,B4214,S558,16:56,18:26,2
E3927,B6726,S558,11:34,13:04,1
E3930,B7900,S558,17:33,19:03,2
E3936,B5599,S560,12:41,14:11,1
E3939,B5599,S561,12:59,14:29,4
E3942,B2310,S563,18:16,19:46,3
E3948,B0624,S566,18:13,19:43,8
E3951,B2048,S567,14:25,15:55,1
E3954,B2350,S567,16:45,18:15,1
E3957,B1008,S568,18:22,19:52,2
E3960,B2350,S570,11:57,13:27,1
E3963,B4593,S570,18:10,19:40,1
E3966,B6755,S570,11:45,13:15,1
E3969,B2689,S572,12:33,14:03,1
E3972,B5242,S572,17:54,19:24,11
E3975,B5962,S572,18:28,19:58,5
E3978,B0632,S572,17:54,19:24,1
E3984,B1865,S573,17:47,19:17,2
E3990,B0336,S573,13:27,14:57,2
E3993,B3844,S573,15:35,17:05,3
E3996,B4998,S573,11:35,13:05,2
E3999,B5241,S573,14:30,16:00,1
E4002,B0632,S573,17:13,18:43,3
E4005,B7479,S573,12:00,13:30,1
E4008,B7596,S573,12:22,13:52,2
E4011,B7900,S573,12:35,14:05,1
E4014,B7981,S573,12:45,14:15,2
E4020,B1804,S574,18:23,19:53,2
E4023,B1865,S574,12:09,13:39,4
E4026,B1865,S574,18:04,19:34,2
E4029,B0291,S574,18:09,19:39,2
E4032,B0336,S574,17:10,18:40,5
E4035,B3765,S574,15:06,16:36,2
E4038,B5241,S574,12:40,14:10,4
E4041,B5744,S574,11:58,13:28,4
E4044,B5946,S574,14:15,15:45,2
E4047,B6726,S574,15:20,16:50,3
E4053,B5241,S575,17:55,19:25,1
E4062,B8165,S576,16:54,18:24,2
E4065,B5241,S577,13:26,14:56,2
E4068,B4128,S578,16:23,17:53,1
E4077,B0390,S579,11:59,13:29,2
E4080,B6456,S579,11:32,13:02,2
E4086,B0373,S580,12:58,14:28,1
E4089,B0373,S580,13:40,15:10,3
E4092,B5241,S580,13:09,14:39,2
E4095,B0581,S580,18:16,19:46,4
E4098,B0796,S580,13:35,15:05,3
E4101,B3765,S582,17:37,19:07,1
E4104,B2269,S584,12:02,13:32,1
E4107,B7926,S584,14:05,15:35,2
E4113,B4854,S586,18:20,19:50,3
E4116,B0581,S586,13:46,15:16,1
E4119,B3126,S587,12:07,13:37,2
E4122,B4854,S587,12:59,14:29,1
E4125,B7608,S588,18:10,19:40,2
E4128,B7596,S589,18:20,19:50,3
E4131,B4128,S590,17:59,19:29,2
E4134,B4176,S590,13:28,14:58,1
E4137,B6964,S590,13:28,14:58,2
E4140,B1060,S592,17:20,18:50,3
E4143,B2951,S592,17:29,18:59,1
E4146,B4176,S592,18:22,19:52,2
E4149,B3765,S593,13:29,14:59,4
E4152,B7926,S593,18:07,19:37,2
E4155,B4176,S594,12:50,14:20,2
E4158,B7926,S594,12:20,13:50,2
E4161,B0995,S594,12:20,13:50,2
E4164,B7596,S595,18:08,19:38,2
E4167,B0373,S596,17:38,19:08,2
E4170,B6964,S596,11:51,13:21,11
E4173,B1468,S597,11:49,13:19,2
E4179,B2814,S597,12:59,14:29,1
E4185,B4409,S597,12:36,14:06,2
E4188,B4409,S597,16:59,18:29,2
E4191,B4764,S597,12:09,13:39,3
E4194,B6884,S597,15:53,17:23,3
E4197,B9188,S598,16:53,18:23,2
E4200,B4409,S599,12:17,13:47,3
E4203,B4409,S599,18:04,19:34,1
E4206,B1433,S600,11:48,13:18,2
E4212,B2415,S600,13:30,15:00,1
E4215,B2521,S600,12:32,14:02,1
E4218,B2521,S600,17:44,19:14,1
E4221,B3354,S600,18:08,19:38,1
E4230,B4409,S600,14:01,15:31,2
E4233,B6884,S600,11:47,13:17,1
E4236,B6884,S600,12:59,14:29,2
E4239,B7245,S600,14:33,16:03,4
E4242,B3354,S601,18:13,19:43,1
E4245,B4409,S601,11:50,13:20,1
E4248,B2025,S602,14:43,16:13,4
E4254,B2415,S603,11:59,13:29,1
E4257,B4409,S603,11:30,13:00,1
E4260,B4409,S603,18:00,19:30,1
E4263,B6884,S603,13:02,14:32,1
E4266,B6884,S603,18:24,19:54,2
E4272,B1468,S605,12:33,14:03,2
E4275,B1468,S605,17:59,19:29,12
E4278,B2521,S605,12:33,14:03,1
E4281,B2521,S605,16:52,18:22,12
E4284,B2521,S605,17:56,19:26,23
E4287,B2706,S605,11:34,13:04,3
E4290,B3354,S605,18:28,19:58,17
E4302,B4409,S605,12:31,14:01,14
E4305,B6884,S605,11:58,13:28,14
E4311,B4324,S607,16:31,18:01,1
E4314,B2388,S608,11:37,13:07,1
E4317,B1095,S609,12:00,13:30,3
E4320,B3923,S609,11:42,13:12,4
E4323,B4435,S609,17:38,19:08,6
E4326,B2451,S610,12:43,14:13,1
E4329,B2643,S611,15:12,16:42,2
E4332,B3644,S611,12:47,14:17,1
E4335,B3644,S611,18:22,19:52,2
E4338,B0007,S611,15:35,17:05,2
E4344,B2706,S612,17:36,19:06,1
E4347,B3253,S612,11:56,13:26,1
E4350,B5751,S612,16:24,17:54,1
E4353,B7285,S612,16:41,18:11,2
E4359,B8964,S612,12:45,14:15,5
E4362,B1095,S613,11:51,13:21,1
E4365,B2794,S613,16:42,18:12,2
E4368,B3253,S613,13:45,15:15,2
E4371,B3644,S613,12:19,13:49,1
E4374,B3644,S613,16:44,18:14,2
E4377,B4435,S613,12:19,13:49,1
E4386,B2451,S614,14:58,16:28,3
E4389,B3259,S614,17:41,19:11,1
E4392,B3644,S614,12:05,13:35,1
E4395,B4435,S614,16:50,18:20,1
E4398,B7694,S614,16:39,18:09,1
E4404,B2451,S615,11:31,13:01,1
E4407,B3644,S615,11:55,13:25,1
E4410,B3644,S615,16:47,18:17,1
E4413,B3644,S616,18:24,19:54,2
E4419,B2451,S617,14:02,15:32,4
E4422,B2451,S617,18:11,19:41,10
E4425,B3253,S617,12:25,13:55,7
E4428,B3644,S617,16:52,18:22,1
E4431,B3644,S617,17:59,19:29,11
E4434,B3923,S617,15:29,16:59,8
E4443,B2451,S618,18:18,19:48,1
E4446,B3644,S618,11:56,13:26,2
E4449,B3644,S618,17:37,19:07,1
E4452,B7694,S618,12:03,13:33,1
E4458,B2451,S619,12:02,13:32,2
E4461,B2794,S619,13:49,15:19,1
E4467,B3253,S619,18:25,19:55,2
E4470,B3644,S619,12:04,13:34,3
E4476,B7238,S620,12:38,14:08,1
E4479,B1095,S621,15:03,16:33,1
E4485,B2451,S621,12:04,13:34,2
E4488,B2451,S621,15:32,17:02,2
E4491,B3253,S621,11:30,13:00,2
E4494,B3644,S621,12:50,14:20,1
E4497,B3644,S621,18:14,19:44,4
E4500,B4435,S621,17:08,18:38,2
E4506,B7694,S621,18:14,19:44,2
E4512,B3253,S622,13:14,14:44,1
E4515,B3644,S622,13:35,15:05,1
E4518,B3644,S623,12:01,13:31,1
E4521,B2794,S624,12:38,14:08,1
E4530,B3644,S625,18:06,19:36,1
E4533,B3644,S626,12:28,13:58,2
E4539,B2451,S627,13:14,14:44,3
E4542,B2794,S627,11:42,13:12,1
E4545,B3644,S627,11:30,13:00,2
E4548,B3644,S627,17:08,18:38,4
E4551,B0096,S627,17:26,18:56,2
E4554,B2451,S628,13:02,14:32,3
E4557,B3253,S628,17:41,19:11,1
E4569,B2451,S629,14:24,15:54,1
E4572,B2794,S629,12:20,13:50,2
E4575,B3253,S629,11:44,13:14,2
E4578,B3253,S629,18:13,19:43,1
E4584,B3644,S629,16:36,18:06,1
E4587,B3644,S629,18:01,19:31,1
E4596,B4435,S629,18:20,19:50,1
E4599,B7694,S629,11:55,13:25,1
E4605,B2451,S630,11:30,13:00,1
E4608,B2451,S630,12:57,14:27,2
E4611,B2794,S630,15:09,16:39,1
E4614,B3253,S630,13:25,14:55,1
E4617,B3644,S630,11:47,13:17,1
E4620,B3644,S630,17:13,18:43,3
E4623,B4435,S630,11:34,13:04,1
E4626,B4435,S630,12:57,14:27,2
E4629,B0634,S630,18:07,19:37,1
E4635,B0096,S630,18:17,19:47,1
E4638,B1782,S631,14:29,15:59,9
E4641,B2706,S631,18:27,19:57,6
E4644,B3253,S631,18:26,19:56,4
E4647,B3923,S631,18:20,19:50,7
E4650,B3644,S632,15:38,17:08,2
E4656,B3253,S633,17:47,19:17,3
E4659,B1300,S634,12:10,13:40,1
E4662,B2807,S634,16:10,17:40,1
E4665,B4435,S634,16:49,18:19,2
E4668,B4951,S634,12:36,14:06,2
E4707,B3545,S636,17:32,19:02,1
E4725,B0561,S639,12:43,14:13,1
E4764,B6148,S642,14:02,15:32,1
E4815,B3545,S648,17:30,19:00,1
E4821,B3545,S649,11:39,13:09,1